0 1 1595063 0 1769888021 395041
0 2 585485 0 1769888021 980542
0 3 577495 0 1769888022 558048
0 4 585903 0 1769888023 143961
0 5 568737 0 1769888023 712706
0 6 581636 0 1769888024 294355
0 7 578186 0 1769888024 872550
0 8 574151 0 1769888025 446709
0 9 578937 0 1769888026 25654
0 10 578928 0 1769888026 604590
0 11 589720 0 1769888027 194320
0 12 570991 0 1769888027 765319
0 13 578757 0 1769888028 344085
0 14 573532 0 1769888028 917626
0 15 570326 0 1769888029 487964
0 16 1878140 0 1769888031 366115
0 17 579961 0 1769888031 946091
0 18 573240 0 1769888032 519341
0 19 586923 0 1769888033 106275
0 20 574490 0 1769888033 680773
0 21 581188 0 1769888034 261977
0 22 578848 0 1769888034 840837
0 23 575439 0 1769888035 416287
0 24 599931 0 1769888036 16229
0 25 564603 0 1769888036 580840
0 26 556673 0 1769888037 137527
0 27 559967 0 1769888037 697502
0 28 522242 0 1769888038 219755
0 29 532576 0 1769888038 752344
0 30 520702 0 1769888039 273055
0 31 530903 0 1769888039 803967
0 32 523653 0 1769888040 327628
0 33 527476 0 1769888040 855112
0 34 526627 0 1769888041 381747
0 35 527573 0 1769888041 909327
0 36 1837627 0 1769888043 746964
0 37 544698 0 1769888044 291673
0 38 546161 0 1769888044 837843
0 39 541507 0 1769888045 379359
0 40 539126 0 1769888045 918493
0 41 562509 0 1769888046 481010
0 42 548657 0 1769888047 29675
0 43 569253 0 1769888047 598936
0 44 567090 0 1769888048 166033
0 45 552517 0 1769888048 718559
0 46 510058 0 1769888049 228625
0 47 524587 0 1769888049 753220
0 48 518427 0 1769888050 271655
0 49 527806 0 1769888050 799469
0 50 513766 0 1769888051 313243
0 51 526270 0 1769888051 839521
0 52 524261 0 1769888052 363790
0 53 528873 0 1769888052 892671
0 54 518416 0 1769888053 411094
0 55 513361 0 1769888053 924464
0 56 1808796 0 1769888055 733267
0 57 540695 0 1769888056 273971
0 58 536745 0 1769888056 810724
0 59 534321 0 1769888057 345053
0 60 539781 0 1769888057 884842
0 61 554583 0 1769888058 439433
0 62 545756 0 1769888058 985197
0 63 537630 0 1769888059 522835
0 64 550240 0 1769888060 73083
0 65 563779 0 1769888060 636870
0 66 512376 0 1769888061 149254
0 67 503109 0 1769888061 652372
0 68 503762 0 1769888062 156142
0 69 512586 0 1769888062 668737
0 70 511100 0 1769888063 179850
0 71 523897 0 1769888063 703755
0 72 508902 0 1769888064 212665
0 73 518291 0 1769888064 730965
0 74 513971 0 1769888065 244948
0 75 515599 0 1769888065 760554
0 76 1832059 0 1769888067 592622
0 77 542297 0 1769888068 134927
0 78 527088 0 1769888068 662023
0 79 552799 0 1769888069 214830
0 80 547986 0 1769888069 762825
0 81 540104 0 1769888070 302936
0 82 541871 0 1769888070 844816
0 83 539795 0 1769888071 384619
0 84 548070 0 1769888071 932697
0 85 585045 0 1769888072 517750
0 86 510955 0 1769888073 28713
0 87 516559 0 1769888073 545281
0 88 520880 0 1769888074 66169
0 89 516232 0 1769888074 582409
0 90 519611 0 1769888075 102028
0 91 517856 0 1769888075 619892
0 92 508735 0 1769888076 128641
0 93 507037 0 1769888076 635691
0 94 522456 0 1769888077 158155
0 95 514981 0 1769888077 673144
0 96 1985951 0 1769888079 659103
0 97 536101 0 1769888080 195213
0 98 539704 0 1769888080 734926
0 99 514443 0 1769888081 249376
0 100 538875 0 1769888081 788259
0 101 544129 0 1769888082 332397
0 102 540465 0 1769888082 872870
0 103 541118 0 1769888083 413996
0 104 537540 0 1769888083 951545
0 105 554976 0 1769888084 506529
0 106 491602 0 1769888084 998139
0 107 514696 0 1769888085 512843
0 108 510855 0 1769888086 23706
0 109 513188 0 1769888086 536902
0 110 511735 0 1769888087 48645
0 111 527788 0 1769888087 576441
0 112 516806 0 1769888088 93255
0 113 508443 0 1769888088 601706
0 114 511996 0 1769888089 113710
0 115 570365 0 1769888089 684083
0 116 2004099 0 1769888091 688190
0 117 538886 0 1769888092 227085
0 118 548659 0 1769888092 775754
0 119 538408 0 1769888093 314170
0 120 530844 0 1769888093 845022
0 121 586371 0 1769888094 431401
0 122 543049 0 1769888094 974457
0 123 528607 0 1769888095 503073
0 124 561665 0 1769888096 64746
0 125 540291 0 1769888096 605046
0 126 487055 0 1769888097 92110
0 127 519091 0 1769888097 611208
0 128 516662 0 1769888098 127879
0 129 511858 0 1769888098 639801
0 130 513028 0 1769888099 152839
0 131 532991 0 1769888099 685839
0 132 529311 0 1769888100 215158
0 133 514294 0 1769888100 729468
0 134 509819 0 1769888101 239301
0 135 512013 0 1769888101 751323
0 136 1958825 0 1769888103 710158
0 137 548589 0 1769888104 258761
0 138 529139 0 1769888104 787908
0 139 540644 0 1769888105 328569
0 140 535843 0 1769888105 864420
0 141 523736 0 1769888106 388164
0 142 533060 0 1769888106 921232
0 143 540096 0 1769888107 461343
0 144 531910 0 1769888107 993262
0 145 566031 0 1769888108 559300
0 146 508217 0 1769888109 67526
0 147 493885 0 1769888109 561419
0 148 492147 0 1769888110 53574
0 149 512928 0 1769888110 566510
0 150 507755 0 1769888111 74274
0 151 509063 0 1769888111 583345
0 152 493818 0 1769888112 77172
0 153 513597 0 1769888112 590787
0 154 511597 0 1769888113 102393
0 155 504159 0 1769888113 606560
0 156 1980543 0 1769888115 587111
0 157 560826 0 1769888116 147945
0 158 527468 0 1769888116 675421
0 159 530272 0 1769888117 205701
0 160 550101 0 1769888117 755810
0 161 535536 0 1769888118 291355
0 162 530526 0 1769888118 821889
0 163 542434 0 1769888119 364331
0 164 539159 0 1769888119 903498
0 165 564510 0 1769888120 468016
0 166 527074 0 1769888120 995098
0 167 505700 0 1769888121 500807
0 168 512375 0 1769888122 13189
0 169 500541 0 1769888122 513739
0 170 519738 0 1769888123 33485
0 171 507278 0 1769888123 540771
0 172 508707 0 1769888124 49486
0 173 504894 0 1769888124 554388
0 174 528895 0 1769888125 83291
0 175 515608 0 1769888125 598907
0 176 1970860 0 1769888127 569775
0 177 529926 0 1769888128 99711
0 178 540639 0 1769888128 640358
0 179 537007 0 1769888129 177372
0 180 528399 0 1769888129 705779
0 181 551528 0 1769888130 257316
0 182 537909 0 1769888130 795232
0 183 544135 0 1769888131 339375
0 184 527699 0 1769888131 867082
0 185 580971 0 1769888132 448061
0 186 512560 0 1769888132 960630
0 187 506426 0 1769888133 467064
0 188 490276 0 1769888133 957348
0 189 520045 0 1769888134 477401
0 190 506028 0 1769888134 983438
0 191 504600 0 1769888135 488045
0 192 492717 0 1769888135 980771
0 193 531639 0 1769888136 512418
0 194 510882 0 1769888137 23307
0 195 516799 0 1769888137 540120
0 196 1993502 0 1769888139 533632
0 197 557901 0 1769888140 91541
0 198 529340 0 1769888140 620889
0 199 532636 0 1769888141 153532
0 200 547633 0 1769888141 701173
0 201 533955 0 1769888142 235137
0 202 546850 0 1769888142 781995
0 203 532747 0 1769888143 314750
0 204 529526 0 1769888143 844284
0 205 592589 0 1769888144 436881
0 206 521041 0 1769888144 957929
0 207 511202 0 1769888145 469140
0 208 507281 0 1769888145 976429
0 209 529498 0 1769888146 505935
0 210 512138 0 1769888147 18081
0 211 517674 0 1769888147 535763
0 212 496670 0 1769888148 32441
0 213 510227 0 1769888148 542677
0 214 509530 0 1769888149 52214
0 215 512097 0 1769888149 564321
0 216 1799233 0 1769888151 363562
0 217 555001 0 1769888151 918572
0 218 532140 0 1769888152 450720
0 219 534368 0 1769888152 985096
0 220 548981 0 1769888153 534085
0 221 538241 0 1769888154 72335
0 222 519015 0 1769888154 591358
0 223 552103 0 1769888155 143475
0 224 534083 0 1769888155 677571
0 225 526279 0 1769888156 203862
0 226 518651 0 1769888156 722520
0 227 511469 0 1769888157 233999
0 228 500707 0 1769888157 734714
0 229 499970 0 1769888158 234700
0 230 514125 0 1769888158 748834
0 231 519051 0 1769888159 267896
0 232 507351 0 1769888159 775258
0 233 513135 0 1769888160 288402
0 234 517721 0 1769888160 806137
0 235 520808 0 1769888161 326953
0 236 1830453 0 1769888163 157418
0 237 572392 0 1769888163 729824
0 238 555873 0 1769888164 285710
0 239 535308 0 1769888164 821027
0 240 531189 0 1769888165 352225
0 241 559054 0 1769888165 911294
0 242 538595 0 1769888166 449898
0 243 529352 0 1769888166 979260
0 244 554361 0 1769888167 533631
0 245 547886 0 1769888168 81529
0 246 510421 0 1769888168 591963
0 247 529608 0 1769888169 121583
0 248 513702 0 1769888169 635292
0 249 528411 0 1769888170 163714
0 250 500691 0 1769888170 664429
0 251 523419 0 1769888171 187860
0 252 511341 0 1769888171 699210
0 253 514555 0 1769888172 213836
0 254 491249 0 1769888172 705093
0 255 522940 0 1769888173 228044
0 256 1809119 0 1769888175 37175
0 257 523131 0 1769888175 560315
0 258 547294 0 1769888176 107619
0 259 534164 0 1769888176 641792
0 260 536345 0 1769888177 178145
0 261 561074 0 1769888177 739226
0 262 538555 0 1769888178 277791
0 263 525159 0 1769888178 802962
0 264 547968 0 1769888179 350938
0 265 561534 0 1769888179 912481
0 266 491742 0 1769888180 404231
0 267 517073 0 1769888180 921312
0 268 512701 0 1769888181 434021
0 269 501281 0 1769888181 935311
0 270 493537 0 1769888182 428856
0 271 512967 0 1769888182 941831
0 272 514957 0 1769888183 456803
0 273 510080 0 1769888183 966892
0 274 493903 0 1769888184 460803
0 275 522522 0 1769888184 983335
0 276 1824894 0 1769888186 808239
0 277 526048 0 1769888187 334299
0 278 524605 0 1769888187 858913
0 279 546805 0 1769888188 405728
0 280 533161 0 1769888188 938902
0 281 538665 0 1769888189 477574
0 282 544722 0 1769888190 22305
0 283 539542 0 1769888190 561855
0 284 529715 0 1769888191 91580
0 285 579864 0 1769888191 671452
0 286 518639 0 1769888192 190100
0 287 538818 0 1769888192 728926
0 288 502994 0 1769888193 231929
0 289 522522 0 1769888193 754463
0 290 518529 0 1769888194 273002
0 291 499464 0 1769888194 772475
0 292 501501 0 1769888195 273984
0 293 526046 0 1769888195 800040
0 294 515655 0 1769888196 315702
0 295 515570 0 1769888196 831281
0 296 1795862 0 1769888198 627151
0 297 546588 0 1769888199 173747
0 298 548910 0 1769888199 722665
0 299 523267 0 1769888200 245940
0 300 547318 0 1769888200 793266
0 301 540878 0 1769888201 334152
0 302 526075 0 1769888201 860239
0 303 548308 0 1769888202 408555
0 304 534544 0 1769888202 943106
0 305 522107 0 1769888203 465222
0 306 510280 0 1769888203 975510
0 307 510050 0 1769888204 485569
0 308 513801 0 1769888204 999378
0 309 499927 0 1769888205 499314
0 310 528077 0 1769888206 27399
0 311 506464 0 1769888206 533871
0 312 586029 0 1769888207 119908
0 313 525937 0 1769888207 645859
0 314 527785 0 1769888208 173652
0 315 507289 0 1769888208 680948
0 316 1830484 0 1769888210 511441
0 317 540700 0 1769888211 52150
0 318 545844 0 1769888211 598002
0 319 545682 0 1769888212 143691
0 320 529646 0 1769888212 673346
0 321 556495 0 1769888213 229849
0 322 535391 0 1769888213 765249
0 323 524826 0 1769888214 290088
0 324 546616 0 1769888214 836714
0 325 538521 0 1769888215 375243
0 326 492379 0 1769888215 867631
0 327 526969 0 1769888216 394611
0 328 506985 0 1769888216 901606
0 329 513224 0 1769888217 414838
0 330 489475 0 1769888217 904322
0 331 529140 0 1769888218 433469
0 332 503568 0 1769888218 937045
0 333 513418 0 1769888219 450471
0 334 502799 0 1769888219 953279
0 335 523530 0 1769888220 476817
0 336 1809382 0 1769888222 286214
0 337 528522 0 1769888222 814747
0 338 556949 0 1769888223 371705
0 339 550416 0 1769888223 922131
0 340 526943 0 1769888224 449081
0 341 535349 0 1769888224 984439
0 342 540141 0 1769888225 524589
0 343 520278 0 1769888226 44876
0 344 536991 0 1769888226 581875
0 345 550258 0 1769888227 132141
0 346 503159 0 1769888227 635308
0 347 518695 0 1769888228 154016
0 348 511334 0 1769888228 665358
0 349 504320 0 1769888229 169687
0 350 487121 0 1769888229 656816
0 351 486420 0 1769888230 143244
0 352 511961 0 1769888230 655213
0 353 513277 0 1769888231 168498
0 354 507191 0 1769888231 675697
0 355 504349 0 1769888232 180055
0 356 1840965 0 1769888234 21028
0 357 527161 0 1769888234 548198
0 358 549203 0 1769888235 97409
0 359 533908 0 1769888235 631329
0 360 526042 0 1769888236 157379
0 361 563612 0 1769888236 720999
0 362 528855 0 1769888237 249862
0 363 523278 0 1769888237 773148
0 364 548411 0 1769888238 321570
0 365 559513 0 1769888238 881092
0 366 489769 0 1769888239 370868
0 367 521364 0 1769888239 892240
0 368 502327 0 1769888240 394576
0 369 506893 0 1769888240 901477
0 370 485280 0 1769888241 386765
0 371 516376 0 1769888241 903156
0 372 511590 0 1769888242 414755
0 373 501453 0 1769888242 916216
0 374 509681 0 1769888243 425905
0 375 470493 0 1769888243 896406
0 376 1812276 0 1769888245 708691
0 377 530904 0 1769888246 239602
0 378 539781 0 1769888246 779439
0 379 535754 0 1769888247 315201
0 380 535989 0 1769888247 851198
0 381 547010 0 1769888248 398223
0 382 534526 0 1769888248 932757
0 383 523768 0 1769888249 456533
0 384 557195 0 1769888250 13736
0 385 579966 0 1769888250 593710
0 386 492990 0 1769888251 86715
0 387 517441 0 1769888251 604164
0 388 517487 0 1769888252 121659
0 389 952175 0 1769888253 73842
0 390 578863 0 1769888253 652713
0 391 613774 0 1769888254 266495
0 392 577806 0 1769888254 844309
0 393 565485 0 1769888255 409803
0 394 589548 0 1769888255 999358
0 395 578266 0 1769888256 577633
0 396 1903382 0 1769888258 481024
0 397 623502 0 1769888259 104533
0 398 605010 0 1769888259 709552
0 399 592259 0 1769888260 301819
0 400 611954 0 1769888260 913781
0 401 599103 0 1769888261 512892
0 402 586986 0 1769888262 99885
0 403 601326 0 1769888262 701219
0 404 609846 0 1769888263 311073
0 405 584476 0 1769888263 895557
0 406 587969 0 1769888264 483535
0 407 566987 0 1769888265 50530
0 408 562115 0 1769888265 612653
0 409 577649 0 1769888266 190310
0 410 575418 0 1769888266 765736
0 411 568678 0 1769888267 334422
0 412 586687 0 1769888267 921117
0 413 574823 0 1769888268 495948
0 414 567006 0 1769888269 62962
0 415 582770 0 1769888269 645740
0 416 1896927 0 1769888271 542675
0 417 618345 0 1769888272 161028
0 418 596020 0 1769888272 757056
0 419 598800 0 1769888273 355864
0 420 578654 0 1769888273 934526
0 421 612531 0 1769888274 547065
0 422 589988 0 1769888275 137061
0 423 580655 0 1769888275 717724
0 424 616431 0 1769888276 334163
0 425 592359 0 1769888276 926529
0 426 581113 0 1769888277 507651
0 427 568760 0 1769888278 76420
0 428 555449 0 1769888278 631881
0 429 587133 0 1769888279 219022
0 430 563315 0 1769888279 782345
0 431 573425 0 1769888280 355778
0 432 576885 0 1769888280 932671
0 433 573439 0 1769888281 506118
0 434 565460 0 1769888282 71586
0 435 578740 0 1769888282 650338
0 436 1920259 0 1769888284 570604
0 437 611071 0 1769888285 181685
0 438 600885 0 1769888285 782585
0 439 582989 0 1769888286 365583
0 440 590671 0 1769888286 956268
0 441 621773 0 1769888287 578050
0 442 600465 0 1769888288 178525
0 443 606078 0 1769888288 784611
0 444 610904 0 1769888289 395524
0 445 606816 0 1769888290 2348
0 446 576923 0 1769888290 579279
0 447 566053 0 1769888291 145339
0 448 555197 0 1769888291 700545
0 449 576921 0 1769888292 277474
0 450 555309 0 1769888292 832791
0 451 566379 0 1769888293 399178
0 452 578191 0 1769888293 977377
0 453 563681 0 1769888294 541066
0 454 578677 0 1769888295 119752
0 455 597586 0 1769888295 717346
0 456 1867533 0 1769888297 584891
0 457 596730 0 1769888298 181631
0 458 609685 0 1769888298 791323
0 459 601830 0 1769888299 393162
0 460 587988 0 1769888299 981157
0 461 621149 0 1769888300 602315
0 462 603016 0 1769888301 205339
0 463 587243 0 1769888301 792591
0 464 640560 0 1769888302 433158
0 465 671581 0 1769888303 104748
0 466 579276 0 1769888303 684032
0 467 575204 0 1769888304 259245
0 468 565575 0 1769888304 824834
0 469 596763 0 1769888305 421605
0 470 565705 0 1769888305 987318
0 471 560754 0 1769888306 548081
0 472 595574 0 1769888307 143663
0 473 582944 0 1769888307 726615
0 474 570726 0 1769888308 297350
0 475 572185 0 1769888308 869544
0 476 1920554 0 1769888310 790106
0 477 599442 0 1769888311 389563
0 478 613184 0 1769888312 2757
0 479 603923 0 1769888312 606689
0 480 604568 0 1769888313 211266
0 481 612063 0 1769888313 823336
0 482 604853 0 1769888314 428198
0 483 584090 0 1769888315 12303
0 484 602817 0 1769888315 615128
0 485 611116 0 1769888316 226253
0 486 559032 0 1769888316 785294
0 487 572534 0 1769888317 357836
0 488 569207 0 1769888317 927050
0 489 564767 0 1769888318 491826
0 490 581224 0 1769888319 73059
0 491 580263 0 1769888319 653331
0 492 567811 0 1769888320 221157
0 493 574013 0 1769888320 795179
0 494 563926 0 1769888321 359114
0 495 583963 0 1769888321 943086
0 496 1872736 0 1769888323 815830
0 497 584633 0 1769888324 400472
0 498 608667 0 1769888325 9154
0 499 593762 0 1769888325 602926
0 500 578422 0 1769888326 181357
0 501 616198 0 1769888326 797563
0 502 591744 0 1769888327 389371
0 503 605544 0 1769888327 994923
0 504 605409 0 1769888328 600340
0 505 592818 0 1769888329 193165
0 506 588109 0 1769888329 781282
0 507 571607 0 1769888330 352903
0 508 563081 0 1769888330 915995
0 509 583789 0 1769888331 499793
0 510 561444 0 1769888332 61246
0 511 566214 0 1769888332 627468
0 512 586508 0 1769888333 213984
0 513 584881 0 1769888333 798873
0 514 567037 0 1769888334 365918
0 515 580849 0 1769888334 946776
0 516 1933070 0 1769888336 879859
0 517 607482 0 1769888337 487350
0 518 622060 0 1769888338 109420
0 519 593696 0 1769888338 703124
0 520 603477 0 1769888339 306610
0 521 619542 0 1769888339 926163
0 522 624683 0 1769888340 550853
0 523 616591 0 1769888341 167453
0 524 556439 0 1769888341 723902
0 525 565831 0 1769888342 289741
0 526 489823 0 1769888342 779577
0 527 520322 0 1769888343 299908
0 528 503365 0 1769888343 803280
0 529 507965 0 1769888344 311253
0 530 486643 0 1769888344 797905
0 531 516518 0 1769888345 314437
0 532 501527 0 1769888345 815972
0 533 507200 0 1769888346 323180
0 534 494228 0 1769888346 817416
0 535 486050 0 1769888347 303474
0 536 1813279 0 1769888349 116763
0 537 516964 0 1769888349 633734
0 538 542431 0 1769888350 176174
0 539 535143 0 1769888350 711326
0 540 524950 0 1769888351 236285
0 541 539645 0 1769888351 775938
0 542 530910 0 1769888352 306856
0 543 510195 0 1769888352 817059
0 544 530535 0 1769888353 347605
0 545 603988 0 1769888353 951600
0 546 510968 0 1769888354 462577
0 547 521174 0 1769888354 983760
0 548 487656 0 1769888355 471425
0 549 529349 0 1769888356 782
0 550 510803 0 1769888356 511592
0 551 514224 0 1769888357 25825
0 552 500948 0 1769888357 526781
0 553 530721 0 1769888358 57517
0 554 512024 0 1769888358 569552
0 555 511450 0 1769888359 81010
0 556 1844530 0 1769888360 925548
0 557 556497 0 1769888361 482053
0 558 533870 0 1769888362 15931
0 559 529600 0 1769888362 545540
0 560 542880 0 1769888363 88428
0 561 537008 0 1769888363 625444
0 562 526029 0 1769888364 151482
0 563 546572 0 1769888364 698062
0 564 536887 0 1769888365 234957
0 565 528272 0 1769888365 763236
0 566 521856 0 1769888366 285101
0 567 509694 0 1769888366 794812
0 568 505295 0 1769888367 300116
0 569 504639 0 1769888367 804768
0 570 517165 0 1769888368 321941
0 571 517197 0 1769888368 839148
0 572 509840 0 1769888369 348996
0 573 513643 0 1769888369 862648
0 574 524821 0 1769888370 387477
0 575 511559 0 1769888370 899044
0 576 1794565 0 1769888372 693618
0 577 531249 0 1769888373 224878
0 578 537746 0 1769888373 762632
0 579 528780 0 1769888374 291421
0 580 511916 0 1769888374 803348
0 581 530835 0 1769888375 334193
0 582 540804 0 1769888375 875005
0 583 531396 0 1769888376 406409
0 584 523681 0 1769888376 930097
0 585 562881 0 1769888377 492987
0 586 508367 0 1769888378 1362
0 587 511603 0 1769888378 512972
0 588 500677 0 1769888379 13658
0 589 525446 0 1769888379 539118
0 590 514610 0 1769888380 53736
0 591 513761 0 1769888380 567506
0 592 480967 0 1769888381 48481
0 593 505323 0 1769888381 553812
0 594 524948 0 1769888382 78768
0 595 512368 0 1769888382 591144
0 596 1847036 0 1769888384 438191
0 597 531502 0 1769888384 969704
0 598 544556 0 1769888385 514268
0 599 548857 0 1769888386 63133
0 600 537318 0 1769888386 600458
0 601 564672 0 1769888387 165139
0 602 544906 0 1769888387 710055
0 603 520563 0 1769888388 230626
0 604 544257 0 1769888388 774891
0 605 554413 0 1769888389 329312
0 606 489904 0 1769888389 819223
0 607 480310 0 1769888390 299543
0 608 523915 0 1769888390 823467
0 609 511305 0 1769888391 334781
0 610 502209 0 1769888391 836997
0 611 486587 0 1769888392 323593
0 612 498834 0 1769888392 822435
0 613 513309 0 1769888393 335756
0 614 511367 0 1769888393 847131
0 615 506715 0 1769888394 353853
0 616 1951320 0 1769888396 305187
0 617 552906 0 1769888396 858101
0 618 534074 0 1769888397 392182
0 619 528830 0 1769888397 921021
0 620 540481 0 1769888398 461510
0 621 532111 0 1769888398 993629
0 622 537837 0 1769888399 531474
0 623 534979 0 1769888400 66461
0 624 526849 0 1769888400 593318
0 625 561972 0 1769888401 155298
0 626 505275 0 1769888401 660634
0 627 510396 0 1769888402 171038
0 628 559484 0 1769888402 730530
0 629 531369 0 1769888403 261908
0 630 513745 0 1769888403 775661
0 631 512752 0 1769888404 288420
0 632 491547 0 1769888404 779976
0 633 518383 0 1769888405 298368
0 634 518388 0 1769888405 816763
0 635 522079 0 1769888406 338851
0 636 2029985 0 1769888408 368844
0 637 553718 0 1769888408 922570
0 638 535916 0 1769888409 458494
0 639 527821 0 1769888409 986329
0 640 551020 0 1769888410 537357
0 641 538318 0 1769888411 75689
0 642 525804 0 1769888411 601501
0 643 549630 0 1769888412 151138
0 644 541007 0 1769888412 692153
0 645 522959 0 1769888413 215122
0 646 514331 0 1769888413 729461
0 647 502288 0 1769888414 231757
0 648 513367 0 1769888414 745132
0 649 497672 0 1769888415 242812
0 650 510544 0 1769888415 753372
0 651 518621 0 1769888416 272001
0 652 503656 0 1769888416 775666
0 653 496307 0 1769888417 271983
0 654 522068 0 1769888417 794067
0 655 517809 0 1769888418 311884
0 656 1965628 0 1769888420 277527
0 657 537095 0 1769888420 814630
0 658 543976 0 1769888421 358614
0 659 527773 0 1769888421 886395
0 660 529832 0 1769888422 416236
0 661 551048 0 1769888422 967292
0 662 523864 0 1769888423 491164
0 663 524221 0 1769888424 15393
0 664 544515 0 1769888424 559915
0 665 555875 0 1769888425 115798
0 666 481020 0 1769888425 596826
0 667 500012 0 1769888426 96846
0 668 521879 0 1769888426 618733
0 669 486815 0 1769888427 105556
0 670 505197 0 1769888427 610761
0 671 527820 0 1769888428 138589
0 672 515011 0 1769888428 653608
0 673 507693 0 1769888429 161309
0 674 503037 0 1769888429 664354
0 675 543544 0 1769888430 207905
0 676 2014853 0 1769888432 222766
0 677 536261 0 1769888432 759036
0 678 544339 0 1769888433 303383
0 679 530405 0 1769888433 833796
0 680 522706 0 1769888434 356509
0 681 542427 0 1769888434 898945
0 682 529956 0 1769888435 428909
0 683 533919 0 1769888435 962837
0 684 543973 0 1769888436 506818
0 685 555051 0 1769888437 61877
0 686 491804 0 1769888437 553689
0 687 522611 0 1769888438 76311
0 688 510224 0 1769888438 586543
0 689 511306 0 1769888439 97859
0 690 489070 0 1769888439 586937
0 691 521398 0 1769888440 108343
0 692 507678 0 1769888440 616029
0 693 504714 0 1769888441 120752
0 694 503022 0 1769888441 623781
0 695 516675 0 1769888442 140465
0 696 1957155 0 1769888444 97628
0 697 526201 0 1769888444 623837
0 698 507026 0 1769888445 130872
0 699 551874 0 1769888445 682754
0 700 527533 0 1769888446 210294
0 701 525556 0 1769888446 735859
0 702 503410 0 1769888447 239281
0 703 567702 0 1769888447 806991
0 704 536180 0 1769888448 343179
0 705 521572 0 1769888448 864758
0 706 500669 0 1769888449 365436
0 707 519580 0 1769888449 885024
0 708 502818 0 1769888450 387850
0 709 504879 0 1769888450 892737
0 710 563531 0 1769888451 456275
0 711 487054 0 1769888451 943346
0 712 524382 0 1769888452 467737
0 713 520734 0 1769888452 988479
0 714 512981 0 1769888453 501468
0 715 503703 0 1769888454 5180
0 716 2031756 0 1769888456 36944
0 717 523962 0 1769888456 560914
0 718 533482 0 1769888457 94404
0 719 556672 0 1769888457 651084
0 720 545678 0 1769888458 196770
0 721 546727 0 1769888458 743505
0 722 519116 0 1769888459 262629
0 723 529617 0 1769888459 792254
0 724 554081 0 1769888460 346343
0 725 534127 0 1769888460 880478
0 726 503967 0 1769888461 384453
0 727 508224 0 1769888461 892686
0 728 513247 0 1769888462 405941
0 729 517599 0 1769888462 923550
0 730 504479 0 1769888463 428042
0 731 489643 0 1769888463 917698
0 732 488431 0 1769888464 406137
0 733 514869 0 1769888464 921015
0 734 524098 0 1769888465 445121
0 735 510819 0 1769888465 955950
0 736 1962100 0 1769888467 918058
0 737 540548 0 1769888468 458619
0 738 549734 0 1769888469 8367
0 739 532044 0 1769888469 540420
0 740 529654 0 1769888470 70082
0 741 541717 0 1769888470 611806
0 742 529717 0 1769888471 141531
0 743 519765 0 1769888471 661308
0 744 547289 0 1769888472 208606
0 745 553986 0 1769888472 762600
0 746 496132 0 1769888473 258741
0 747 517389 0 1769888473 776144
0 748 502681 0 1769888474 278834
0 749 508557 0 1769888474 787399
0 750 491066 0 1769888475 278474
0 751 518873 0 1769888475 797434
0 752 507811 0 1769888476 305254
0 753 510796 0 1769888476 816058
0 754 515116 0 1769888477 331183
0 755 534373 0 1769888477 865564
0 756 1852239 0 1769888479 717811
0 757 515437 0 1769888480 233257
0 758 533245 0 1769888480 766510
0 759 549958 0 1769888481 316476
0 760 528951 0 1769888481 845443
0 761 526346 0 1769888482 371797
0 762 546203 0 1769888482 918008
0 763 533683 0 1769888483 451700
0 764 522180 0 1769888483 973895
0 765 576707 0 1769888484 550611
0 766 512559 0 1769888485 63179
0 767 508233 0 1769888485 571421
0 768 507496 0 1769888486 78925
0 769 478191 0 1769888486 557125
0 770 518172 0 1769888487 75307
0 771 519760 0 1769888487 595075
0 772 509721 0 1769888488 104803
0 773 507914 0 1769888488 612726
0 774 528912 0 1769888489 141650
0 775 513150 0 1769888489 654809
0 776 1799290 0 1769888491 454107
0 777 533313 0 1769888491 987431
0 778 546873 0 1769888492 534312
0 779 534291 0 1769888493 68612
0 780 523520 0 1769888493 592140
0 781 560413 0 1769888494 152567
0 782 533376 0 1769888494 685951
0 783 527316 0 1769888495 213276
0 784 549735 0 1769888495 763021
0 785 537091 0 1769888496 300121
0 786 486733 0 1769888496 786863
0 787 529931 0 1769888497 316802
0 788 501515 0 1769888497 818326
0 789 508658 0 1769888498 326992
0 790 485438 0 1769888498 812444
0 791 510076 0 1769888499 322530
0 792 511829 0 1769888499 834368
0 793 576110 0 1769888500 410487
0 794 502128 0 1769888500 912624
0 795 522126 0 1769888501 434758
0 796 1859610 0 1769888503 294377
0 797 529848 0 1769888503 824242
0 798 557194 0 1769888504 381447
0 799 535267 0 1769888504 916723
0 800 532449 0 1769888505 449180
0 801 549316 0 1769888505 998506
0 802 536349 0 1769888506 534864
0 803 530473 0 1769888507 65348
0 804 549454 0 1769888507 614809
0 805 544377 0 1769888508 159195
0 806 506399 0 1769888508 665602
0 807 535640 0 1769888509 201255
0 808 510660 0 1769888509 711923
0 809 507645 0 1769888510 219577
0 810 493461 0 1769888510 713047
0 811 523761 0 1769888511 236817
0 812 506055 0 1769888511 742880
0 813 512331 0 1769888512 255219
0 814 503510 0 1769888512 758737
0 815 482370 0 1769888513 241115
0 816 1800630 0 1769888515 41758
0 817 521869 0 1769888515 563635
0 818 540395 0 1769888516 104038
0 819 531233 0 1769888516 635279
0 820 508656 0 1769888517 143943
0 821 528419 0 1769888517 672369
0 822 548869 0 1769888518 221247
0 823 513726 0 1769888518 734981
0 824 516719 0 1769888519 251708
0 825 573237 0 1769888519 824954
0 826 502236 0 1769888520 327203
0 827 516058 0 1769888520 843270
0 828 488271 0 1769888521 331549
0 829 513475 0 1769888521 845032
0 830 504422 0 1769888522 349462
0 831 503033 0 1769888522 852502
0 832 490937 0 1769888523 343447
0 833 528149 0 1769888523 871605
0 834 511673 0 1769888524 383286
0 835 509822 0 1769888524 893116
0 836 1854767 0 1769888526 747891
0 837 545375 0 1769888527 293274
0 838 536274 0 1769888527 829556
0 839 535105 0 1769888528 364669
0 840 554101 0 1769888528 918777
0 841 543439 0 1769888529 462225
0 842 541876 0 1769888530 4109
0 843 536758 0 1769888530 540881
0 844 530260 0 1769888531 71149
0 845 585756 0 1769888531 656913
0 846 497715 0 1769888532 154636
0 847 504575 0 1769888532 659219
0 848 502157 0 1769888533 161383
0 849 522926 0 1769888533 684317
0 850 513142 0 1769888534 197467
0 851 509388 0 1769888534 706863
0 852 502520 0 1769888535 209391
0 853 527973 0 1769888535 737372
0 854 516794 0 1769888536 254173
0 855 514686 0 1769888536 768867
0 856 1796864 0 1769888538 565738
0 857 551576 0 1769888539 117323
0 858 533518 0 1769888539 650848
0 859 536913 0 1769888540 187770
0 860 545358 0 1769888540 733136
0 861 535244 0 1769888541 268388
0 862 527059 0 1769888541 795455
0 863 546562 0 1769888542 342025
0 864 540703 0 1769888542 882736
0 865 529205 0 1769888543 411950
0 866 519494 0 1769888543 931452
0 867 503995 0 1769888544 435460
0 868 478075 0 1769888544 913543
0 869 502982 0 1769888545 416534
0 870 505124 0 1769888545 921667
0 871 510883 0 1769888546 432558
0 872 509819 0 1769888546 942385
0 873 492355 0 1769888547 434749
0 874 524248 0 1769888547 959005
0 875 565453 0 1769888548 524516
0 876 1855563 0 1769888550 380088
0 877 554744 0 1769888550 934845
0 878 545313 0 1769888551 480166
0 879 532908 0 1769888552 13082
0 880 551979 0 1769888552 565069
0 881 535432 0 1769888553 100509
0 882 935963 0 1769888554 36480
0 883 613697 0 1769888554 650185
0 884 593288 0 1769888555 243481
0 885 611163 0 1769888555 854652
0 886 576386 0 1769888556 431046
0 887 569806 0 1769888557 860
0 888 566140 0 1769888557 567008
0 889 584470 0 1769888558 151486
0 890 569818 0 1769888558 721312
0 891 571190 0 1769888559 292510
0 892 560867 0 1769888559 853385
0 893 581282 0 1769888560 434675
0 894 567700 0 1769888561 2383
0 895 578867 0 1769888561 581257
0 896 1885217 0 1769888563 466483
0 897 591221 0 1769888564 57711
0 898 616730 0 1769888564 674449
0 899 610085 0 1769888565 284542
0 900 583307 0 1769888565 867857
0 901 619275 0 1769888566 487140
0 902 591575 0 1769888567 78723
0 903 584730 0 1769888567 663461
0 904 619907 0 1769888568 283376
0 905 617782 0 1769888568 901167
0 906 591722 0 1769888569 492897
0 907 570040 0 1769888570 62945
0 908 555952 0 1769888570 618905
0 909 583310 0 1769888571 202225
0 910 563429 0 1769888571 765662
0 911 575134 0 1769888572 340804
0 912 577338 0 1769888572 918150
0 913 572149 0 1769888573 490307
0 914 565681 0 1769888574 55996
0 915 577041 0 1769888574 633045
0 916 1950167 0 1769888576 583219
0 917 598731 0 1769888577 181959
0 918 627675 0 1769888577 809642
0 919 596769 0 1769888578 406419
0 920 587137 0 1769888578 993564
0 921 619602 0 1769888579 613174
0 922 600924 0 1769888580 214106
0 923 598822 0 1769888580 812935
0 924 605081 0 1769888581 418024
0 925 644283 0 1769888582 62315
0 926 567213 0 1769888582 629536
0 927 577347 0 1769888583 206891
0 928 563773 0 1769888583 770671
0 929 585921 0 1769888584 356599
0 930 553733 0 1769888584 910341
0 931 569855 0 1769888585 480204
0 932 578240 0 1769888586 58452
0 933 562205 0 1769888586 620665
0 934 570409 0 1769888587 191082
0 935 586293 0 1769888587 777382
0 936 1897252 0 1769888589 674642
0 937 618730 0 1769888590 293380
0 938 593667 0 1769888590 887055
0 939 591939 0 1769888591 479002
0 940 575511 0 1769888592 54520
0 941 608510 0 1769888592 663039
0 942 609136 0 1769888593 272182
0 943 606801 0 1769888593 878992
0 944 587525 0 1769888594 466525
0 945 607821 0 1769888595 74354
0 946 557769 0 1769888595 632131
0 947 561884 0 1769888596 194023
0 948 574615 0 1769888596 768646
0 949 547303 0 1769888597 315956
0 950 563804 0 1769888597 879769
0 951 586053 0 1769888598 465830
0 952 560058 0 1769888599 25896
0 953 561816 0 1769888599 587719
0 954 581246 0 1769888600 168987
0 955 563598 0 1769888600 732595
0 956 1949975 0 1769888602 682578
0 957 612373 0 1769888603 294960
0 958 630432 0 1769888603 925401
0 959 591089 0 1769888604 516498
0 960 582001 0 1769888605 98507
0 961 614576 0 1769888605 713091
0 962 604908 0 1769888606 318007
0 963 596388 0 1769888606 914403
0 964 569687 0 1769888607 484097
0 965 604095 0 1769888608 88200
0 966 556944 0 1769888608 645153
0 967 576302 0 1769888609 221463
0 968 574288 0 1769888609 795759
0 969 568728 0 1769888610 364495
0 970 562574 0 1769888610 927077
0 971 574602 0 1769888611 501687
0 972 565765 0 1769888612 67460
0 973 553230 0 1769888612 620698
0 974 591407 0 1769888613 212113
0 975 583817 0 1769888613 795938
0 976 1875867 0 1769888615 671813
0 977 597637 0 1769888616 269462
0 978 603378 0 1769888616 872848
0 979 579069 0 1769888617 451925
0 980 591833 0 1769888618 43775
0 981 594075 0 1769888618 637858
0 982 581913 0 1769888619 219779
0 983 596034 0 1769888619 815821
0 984 606260 0 1769888620 422090
0 985 613200 0 1769888621 35299
0 986 567498 0 1769888621 602804
0 987 579344 0 1769888622 182160
0 988 556004 0 1769888622 738172
0 989 590094 0 1769888623 328280
0 990 555916 0 1769888623 884206
0 991 555046 0 1769888624 439259
0 992 567337 0 1769888625 6604
0 993 560876 0 1769888625 567489
0 994 553865 0 1769888626 121362
0 995 561137 0 1769888626 682508
0 996 1956856 0 1769888628 639373
0 997 584250 0 1769888629 223636
0 998 616222 0 1769888629 839866
0 999 596880 0 1769888630 436755
0 1000 575413 0 1769888631 12241
