0 1 1467177 0 1769889887 852939
0 2 596558 0 1769889888 449519
0 3 572920 0 1769889889 22451
0 4 563774 0 1769889889 586235
0 5 540558 0 1769889890 126808
0 6 549275 0 1769889890 676093
0 7 573751 0 1769889891 249852
0 8 577746 0 1769889891 827606
0 9 554060 0 1769889892 381674
0 10 578625 0 1769889892 960307
0 11 562396 0 1769889893 522710
0 12 551302 0 1769889894 74021
0 13 552384 0 1769889894 626413
0 14 584764 0 1769889895 211185
0 15 543481 0 1769889895 754674
0 16 2285924 0 1769889898 40606
0 17 586499 0 1769889898 627114
0 18 571364 0 1769889899 198486
0 19 566327 0 1769889899 764821
0 20 581131 0 1769889900 345964
0 21 573601 0 1769889900 919573
0 22 563286 0 1769889901 482867
0 23 586359 0 1769889902 69241
0 24 578725 0 1769889902 647974
0 25 546738 0 1769889903 194720
0 26 543015 0 1769889903 737743
0 27 565780 0 1769889904 303531
0 28 522293 0 1769889904 825832
0 29 513736 0 1769889905 339576
0 30 533985 0 1769889905 873569
0 31 512947 0 1769889906 386524
0 32 521389 0 1769889906 907930
0 33 510064 0 1769889907 418005
0 34 542881 0 1769889907 960895
0 35 507737 0 1769889908 468640
0 36 2237850 0 1769889910 706499
0 37 522244 0 1769889911 228751
0 38 527729 0 1769889911 756489
0 39 535691 0 1769889912 292189
0 40 540423 0 1769889912 832620
0 41 548959 0 1769889913 381590
0 42 527525 0 1769889913 909129
0 43 536893 0 1769889914 446031
0 44 572871 0 1769889915 18909
0 45 538606 0 1769889915 557524
0 46 500393 0 1769889916 57925
0 47 535824 0 1769889916 593758
0 48 521428 0 1769889917 115194
0 49 508557 0 1769889917 623759
0 50 526518 0 1769889918 150291
0 51 521225 0 1769889918 671526
0 52 507360 0 1769889919 178895
0 53 518527 0 1769889919 697429
0 54 521535 0 1769889920 218973
0 55 492777 0 1769889920 711758
0 56 2157556 0 1769889922 869324
0 57 550467 0 1769889923 419804
0 58 538950 0 1769889923 958763
0 59 541810 0 1769889924 500580
0 60 545047 0 1769889925 45636
0 61 535992 0 1769889925 581637
0 62 522720 0 1769889926 104365
0 63 552593 0 1769889926 656973
0 64 535921 0 1769889927 192902
0 65 535075 0 1769889927 727985
0 66 497965 0 1769889928 225958
0 67 516288 0 1769889928 742254
0 68 503430 0 1769889929 245692
0 69 507646 0 1769889929 753346
0 70 489808 0 1769889930 243162
0 71 492493 0 1769889930 735662
0 72 522620 0 1769889931 258291
0 73 520653 0 1769889931 778952
0 74 489125 0 1769889932 268086
0 75 513694 0 1769889932 781788
0 76 2214891 0 1769889934 996687
0 77 548828 0 1769889935 545522
0 78 535306 0 1769889936 80837
0 79 545353 0 1769889936 626198
0 80 543416 0 1769889937 169622
0 81 536435 0 1769889937 706064
0 82 532261 0 1769889938 238333
0 83 550617 0 1769889938 788959
0 84 544485 0 1769889939 333452
0 85 564252 0 1769889939 897712
0 86 516047 0 1769889940 413768
0 87 513065 0 1769889940 926840
0 88 507510 0 1769889941 434359
0 89 501873 0 1769889941 936241
0 90 527933 0 1769889942 464182
0 91 514232 0 1769889942 978422
0 92 507406 0 1769889943 485836
0 93 502300 0 1769889943 988144
0 94 524360 0 1769889944 512512
0 95 521404 0 1769889945 33924
0 96 2172639 0 1769889947 206571
0 97 520303 0 1769889947 726883
0 98 528121 0 1769889948 255012
0 99 551742 0 1769889948 806764
0 100 530099 0 1769889949 336871
0 101 529631 0 1769889949 866511
0 102 546517 0 1769889950 413036
0 103 538206 0 1769889950 951250
0 104 517612 0 1769889951 468871
0 105 549309 0 1769889952 18187
0 106 508527 0 1769889952 526723
0 107 511972 0 1769889953 38703
0 108 489777 0 1769889953 528494
0 109 498102 0 1769889954 26605
0 110 474831 0 1769889954 501444
0 111 519417 0 1769889955 20870
0 112 506510 0 1769889955 527389
0 113 513540 0 1769889956 40946
0 114 493713 0 1769889956 534667
0 115 567778 0 1769889957 102453
0 116 2219342 0 1769889959 321803
0 117 534595 0 1769889959 856412
0 118 548759 0 1769889960 405179
0 119 538482 0 1769889960 943670
0 120 529840 0 1769889961 473518
0 121 589134 0 1769889962 62660
0 122 542615 0 1769889962 605283
0 123 530265 0 1769889963 135556
0 124 559446 0 1769889963 695017
0 125 541269 0 1769889964 236295
0 126 482905 0 1769889964 719217
0 127 506650 0 1769889965 225875
0 128 518040 0 1769889965 743923
0 129 513474 0 1769889966 257473
0 130 514866 0 1769889966 772347
0 131 514999 0 1769889967 287354
0 132 490656 0 1769889967 778018
0 133 518366 0 1769889968 296391
0 134 506466 0 1769889968 802866
0 135 498218 0 1769889969 301092
0 136 2170691 0 1769889971 471791
0 137 535493 0 1769889972 7292
0 138 543956 0 1769889972 551257
0 139 535009 0 1769889973 86274
0 140 529783 0 1769889973 616065
0 141 538316 0 1769889974 154389
0 142 528182 0 1769889974 682579
0 143 541389 0 1769889975 223976
0 144 532937 0 1769889975 756922
0 145 549418 0 1769889976 306348
0 146 511057 0 1769889976 817413
0 147 516669 0 1769889977 334091
0 148 505211 0 1769889977 839311
0 149 499048 0 1769889978 338367
0 150 517040 0 1769889978 855415
0 151 519671 0 1769889979 375095
0 152 504210 0 1769889979 879318
0 153 494034 0 1769889980 373359
0 154 523206 0 1769889980 896574
0 155 512728 0 1769889981 409311
0 156 2182316 0 1769889983 591637
0 157 546751 0 1769889984 138403
0 158 509495 0 1769889984 647914
0 159 520663 0 1769889985 168587
0 160 505585 0 1769889985 674180
0 161 555775 0 1769889986 229963
0 162 539620 0 1769889986 769598
0 163 526529 0 1769889987 296137
0 164 547014 0 1769889987 843160
0 165 557792 0 1769889988 400960
0 166 486387 0 1769889988 887356
0 167 491191 0 1769889989 378556
0 168 471098 0 1769889989 849663
0 169 516123 0 1769889990 365795
0 170 507055 0 1769889990 872859
0 171 509781 0 1769889991 382649
0 172 510039 0 1769889991 892696
0 173 519756 0 1769889992 412460
0 174 514834 0 1769889992 927302
0 175 512887 0 1769889993 440197
0 176 2119183 0 1769889995 559388
0 177 531765 0 1769889996 91161
0 178 540362 0 1769889996 631537
0 179 552691 0 1769889997 184236
0 180 524358 0 1769889997 708603
0 181 555109 0 1769889998 263721
0 182 530545 0 1769889998 794291
0 183 545114 0 1769889999 339414
0 184 543890 0 1769889999 883312
0 185 571877 0 1769890000 455197
0 186 492659 0 1769890000 947865
0 187 517197 0 1769890001 465070
0 188 503760 0 1769890001 968839
0 189 514775 0 1769890002 483622
0 190 484874 0 1769890002 968504
0 191 496475 0 1769890003 464987
0 192 518586 0 1769890003 983582
0 193 510093 0 1769890004 493684
0 194 513006 0 1769890005 6698
0 195 499715 0 1769890005 506421
0 196 2217212 0 1769890007 723642
0 197 525939 0 1769890008 249588
0 198 525839 0 1769890008 775436
0 199 551696 0 1769890009 327140
0 200 530339 0 1769890009 857488
0 201 529794 0 1769890010 387290
0 202 511624 0 1769890010 898922
0 203 547625 0 1769890011 446556
0 204 546829 0 1769890011 993392
0 205 577201 0 1769890012 570602
0 206 480036 0 1769890013 50646
0 207 536604 0 1769890013 587258
0 208 513821 0 1769890014 101087
0 209 522950 0 1769890014 624044
0 210 485106 0 1769890015 109158
0 211 513837 0 1769890015 623004
0 212 510245 0 1769890016 133257
0 213 507366 0 1769890016 640630
0 214 508724 0 1769890017 149363
0 215 524433 0 1769890017 673805
0 216 2152393 0 1769890019 826206
0 217 529702 0 1769890020 355916
0 218 513386 0 1769890020 869310
0 219 548006 0 1769890021 417324
0 220 529078 0 1769890021 946410
0 221 530289 0 1769890022 476707
0 222 548380 0 1769890023 25095
0 223 532546 0 1769890023 557650
0 224 528533 0 1769890024 86192
0 225 547861 0 1769890024 634061
0 226 515389 0 1769890025 149458
0 227 485127 0 1769890025 634592
0 228 499573 0 1769890026 134174
0 229 477833 0 1769890026 612015
0 230 479935 0 1769890027 91958
0 231 517678 0 1769890027 609644
0 232 510405 0 1769890028 120057
0 233 511001 0 1769890028 631066
0 234 506195 0 1769890029 137269
0 235 543418 0 1769890029 680695
0 236 2243401 0 1769890031 924104
0 237 527654 0 1769890032 451767
0 238 512542 0 1769890032 964317
0 239 542338 0 1769890033 506664
0 240 541119 0 1769890034 47791
0 241 532667 0 1769890034 580466
0 242 535345 0 1769890035 115824
0 243 541784 0 1769890035 657617
0 244 540520 0 1769890036 198146
0 245 526877 0 1769890036 725039
0 246 531036 0 1769890037 256091
0 247 508692 0 1769890037 764792
0 248 511658 0 1769890038 276458
0 249 507530 0 1769890038 783997
0 250 518533 0 1769890039 302537
0 251 515816 0 1769890039 818362
0 252 508924 0 1769890040 327294
0 253 503441 0 1769890040 830800
0 254 520466 0 1769890041 351280
0 255 516703 0 1769890041 867992
0 256 2140498 0 1769890044 8507
0 257 534911 0 1769890044 543426
0 258 548324 0 1769890045 91759
0 259 531670 0 1769890045 623438
0 260 527882 0 1769890046 151330
0 261 560984 0 1769890046 712323
0 262 539424 0 1769890047 251755
0 263 530169 0 1769890047 781932
0 264 542920 0 1769890048 324860
0 265 557367 0 1769890048 882235
0 266 486783 0 1769890049 369025
0 267 509098 0 1769890049 878132
0 268 513770 0 1769890050 391911
0 269 506168 0 1769890050 898087
0 270 480420 0 1769890051 378515
0 271 510283 0 1769890051 888806
0 272 512993 0 1769890052 401807
0 273 511291 0 1769890052 913107
0 274 492564 0 1769890053 405680
0 275 861156 0 1769890054 266845
0 276 2295692 0 1769890056 562546
0 277 580745 0 1769890057 143305
0 278 608808 0 1769890057 752121
0 279 598008 0 1769890058 350137
0 280 580039 0 1769890058 930184
0 281 627734 0 1769890059 557927
0 282 600691 0 1769890060 158627
0 283 579296 0 1769890060 737932
0 284 589393 0 1769890061 327338
0 285 643624 0 1769890061 970971
0 286 560573 0 1769890062 531551
0 287 592741 0 1769890063 124301
0 288 557122 0 1769890063 681431
0 289 590636 0 1769890064 272075
0 290 553965 0 1769890064 826048
0 291 569866 0 1769890065 395922
0 292 579001 0 1769890065 974931
0 293 557969 0 1769890066 532908
0 294 560903 0 1769890067 93820
0 295 584112 0 1769890067 677940
0 296 2213605 0 1769890069 891553
0 297 594954 0 1769890070 486517
0 298 609839 0 1769890071 96364
0 299 595681 0 1769890071 692053
0 300 588059 0 1769890072 280120
0 301 607522 0 1769890072 887650
0 302 598334 0 1769890073 485993
0 303 597287 0 1769890074 83287
0 304 594839 0 1769890074 678135
0 305 576821 0 1769890075 254965
0 306 567310 0 1769890075 822283
0 307 569840 0 1769890076 392131
0 308 567442 0 1769890076 959581
0 309 582955 0 1769890077 542544
0 310 552127 0 1769890078 94678
0 311 623254 0 1769890078 717940
0 312 568411 0 1769890079 286360
0 313 589478 0 1769890079 875846
0 314 579659 0 1769890080 455513
0 315 565334 0 1769890081 20855
0 316 2268232 0 1769890083 289095
0 317 588349 0 1769890083 877452
0 318 589492 0 1769890084 466955
0 319 604622 0 1769890085 71591
0 320 592004 0 1769890085 663603
0 321 603446 0 1769890086 267058
0 322 595785 0 1769890086 862853
0 323 600345 0 1769890087 463206
0 324 573155 0 1769890088 36370
0 325 588928 0 1769890088 625305
0 326 571507 0 1769890089 196821
0 327 557554 0 1769890089 754383
0 328 563354 0 1769890090 317745
0 329 601750 0 1769890090 919503
0 330 562734 0 1769890091 482245
0 331 579822 0 1769890092 62075
0 332 571327 0 1769890092 633410
0 333 558140 0 1769890093 191558
0 334 564404 0 1769890093 755970
0 335 577485 0 1769890094 333464
0 336 2207578 0 1769890096 541050
0 337 594003 0 1769890097 135061
0 338 607874 0 1769890097 742943
0 339 595466 0 1769890098 338418
0 340 570126 0 1769890098 908561
0 341 598552 0 1769890099 507121
0 342 593803 0 1769890100 100931
0 343 598363 0 1769890100 699303
0 344 606611 0 1769890101 305922
0 345 575020 0 1769890101 880951
0 346 567127 0 1769890102 448086
0 347 556391 0 1769890103 4492
0 348 563742 0 1769890103 568242
0 349 542670 0 1769890104 110920
0 350 569526 0 1769890104 680454
0 351 558995 0 1769890105 239458
0 352 555559 0 1769890105 795025
0 353 575116 0 1769890106 370148
0 354 563740 0 1769890106 933896
0 355 562775 0 1769890107 496679
0 356 2286193 0 1769890109 782888
0 357 590715 0 1769890110 373616
0 358 600854 0 1769890110 974480
0 359 601281 0 1769890111 575769
0 360 603029 0 1769890112 178806
0 361 608585 0 1769890112 787400
0 362 589024 0 1769890113 376440
0 363 598668 0 1769890113 975116
0 364 617296 0 1769890114 592420
0 365 628147 0 1769890115 220575
0 366 559475 0 1769890115 780057
0 367 567095 0 1769890116 347161
0 368 559543 0 1769890116 906712
0 369 560500 0 1769890117 467221
0 370 564649 0 1769890118 31886
0 371 559590 0 1769890118 591484
0 372 552969 0 1769890119 144461
0 373 566676 0 1769890119 711145
0 374 551896 0 1769890120 263049
0 375 559395 0 1769890120 822452
0 376 2227648 0 1769890123 50108
0 377 590662 0 1769890123 640782
0 378 614071 0 1769890124 254925
0 379 598964 0 1769890124 853898
0 380 598286 0 1769890125 452199
0 381 606768 0 1769890126 58978
0 382 586767 0 1769890126 645754
0 383 586277 0 1769890127 232040
0 384 586061 0 1769890127 818109
0 385 657216 0 1769890128 475333
0 386 553672 0 1769890129 29014
0 387 576750 0 1769890129 605771
0 388 580773 0 1769890130 186553
0 389 571295 0 1769890130 757860
0 390 595052 0 1769890131 352920
0 391 596764 0 1769890131 949692
0 392 549782 0 1769890132 499482
0 393 572723 0 1769890133 72214
0 394 604217 0 1769890133 676445
0 395 572349 0 1769890134 248806
0 396 2291342 0 1769890136 540159
0 397 607071 0 1769890137 147243
0 398 596225 0 1769890137 743476
0 399 596006 0 1769890138 339497
0 400 582048 0 1769890138 921554
0 401 613489 0 1769890139 535051
0 402 575139 0 1769890140 110198
0 403 584686 0 1769890140 694893
0 404 610847 0 1769890141 305749
0 405 587570 0 1769890141 893328
0 406 549646 0 1769890142 442982
0 407 565661 0 1769890143 8651
0 408 556470 0 1769890143 565135
0 409 553353 0 1769890144 118498
0 410 568722 0 1769890144 687228
0 411 562066 0 1769890145 249303
0 412 543051 0 1769890145 792362
0 413 566742 0 1769890146 359112
0 414 590237 0 1769890146 949357
0 415 554876 0 1769890147 504241
0 416 2213089 0 1769890149 717338
0 417 602724 0 1769890150 320076
0 418 604686 0 1769890150 924772
0 419 585716 0 1769890151 510497
0 420 582618 0 1769890152 93123
0 421 600370 0 1769890152 693501
0 422 587013 0 1769890153 280527
0 423 570001 0 1769890153 850540
0 424 583258 0 1769890154 433806
0 425 583750 0 1769890155 17565
0 426 507273 0 1769890155 524847
0 427 503286 0 1769890156 28142
0 428 481086 0 1769890156 509236
0 429 506559 0 1769890157 15804
0 430 518946 0 1769890157 534758
0 431 510209 0 1769890158 44978
0 432 489516 0 1769890158 534509
0 433 492521 0 1769890159 27039
0 434 519428 0 1769890159 546475
0 435 509723 0 1769890160 56206
0 436 2204938 0 1769890162 261159
0 437 529651 0 1769890162 790822
0 438 546538 0 1769890163 337368
0 439 527961 0 1769890163 865344
0 440 525377 0 1769890164 390730
0 441 549902 0 1769890164 940640
0 442 527389 0 1769890165 468037
0 443 539996 0 1769890166 8041
0 444 547616 0 1769890166 555664
0 445 541509 0 1769890167 97182
0 446 480236 0 1769890167 577427
0 447 501117 0 1769890168 78553
0 448 513509 0 1769890168 592077
0 449 510227 0 1769890169 102313
0 450 493708 0 1769890169 596028
0 451 497630 0 1769890170 93667
0 452 522901 0 1769890170 616577
0 453 508426 0 1769890171 125014
0 454 490860 0 1769890171 615882
0 455 509401 0 1769890172 125292
0 456 2152445 0 1769890174 277746
0 457 516888 0 1769890174 794650
0 458 526713 0 1769890175 321371
0 459 503838 0 1769890175 825218
0 460 509871 0 1769890176 335097
0 461 533566 0 1769890176 868672
0 462 533724 0 1769890177 402403
0 463 526784 0 1769890177 929196
0 464 534544 0 1769890178 463751
0 465 596211 0 1769890179 59977
0 466 503451 0 1769890179 563436
0 467 511786 0 1769890180 75231
0 468 508698 0 1769890180 583937
0 469 527527 0 1769890181 111474
0 470 507356 0 1769890181 618838
0 471 479213 0 1769890182 98059
0 472 505001 0 1769890182 603068
0 473 520171 0 1769890183 123247
0 474 484745 0 1769890183 608009
0 475 505434 0 1769890184 113455
0 476 2220879 0 1769890186 334342
0 477 519751 0 1769890186 854103
0 478 549570 0 1769890187 403681
0 479 546592 0 1769890187 950282
0 480 527267 0 1769890188 477557
0 481 576328 0 1769890189 53899
0 482 531884 0 1769890189 585791
0 483 521021 0 1769890190 106820
0 484 509165 0 1769890190 615994
0 485 551901 0 1769890191 167905
0 486 491935 0 1769890191 659848
0 487 511438 0 1769890192 171294
0 488 486657 0 1769890192 657960
0 489 490328 0 1769890193 148297
0 490 511127 0 1769890193 659438
0 491 510516 0 1769890194 169963
0 492 503158 0 1769890194 673129
0 493 491924 0 1769890195 165061
0 494 500416 0 1769890195 665485
0 495 536710 0 1769890196 202205
0 496 2142936 0 1769890198 345150
0 497 515939 0 1769890198 861104
0 498 542597 0 1769890199 403711
0 499 513891 0 1769890199 917611
0 500 526773 0 1769890200 444393
0 501 547861 0 1769890200 992264
0 502 527657 0 1769890201 519998
0 503 535589 0 1769890202 55596
0 504 537848 0 1769890202 593458
0 505 529804 0 1769890203 123271
0 506 502148 0 1769890203 625427
0 507 494874 0 1769890204 120313
0 508 518508 0 1769890204 638829
0 509 519915 0 1769890205 158752
0 510 478256 0 1769890205 637016
0 511 508774 0 1769890206 145798
0 512 515159 0 1769890206 660971
0 513 511002 0 1769890207 171981
0 514 498220 0 1769890207 670210
0 515 499208 0 1769890208 169426
0 516 2209303 0 1769890210 378736
0 517 521597 0 1769890210 900342
0 518 544111 0 1769890211 444462
0 519 520242 0 1769890211 964713
0 520 526468 0 1769890212 491190
0 521 558167 0 1769890213 49365
0 522 524071 0 1769890213 573445
0 523 507798 0 1769890214 81251
0 524 523453 0 1769890214 604712
0 525 572917 0 1769890215 177638
0 526 474211 0 1769890215 651856
0 527 504596 0 1769890216 156461
0 528 506418 0 1769890216 662887
0 529 514976 0 1769890217 177871
0 530 487476 0 1769890217 665355
0 531 493985 0 1769890218 159348
0 532 526223 0 1769890218 685579
0 533 509101 0 1769890219 194689
0 534 491799 0 1769890219 686496
0 535 505215 0 1769890220 191720
0 536 2143944 0 1769890222 335689
0 537 524946 0 1769890222 860643
0 538 546774 0 1769890223 407426
0 539 526651 0 1769890223 934084
0 540 529473 0 1769890224 463566
0 541 519102 0 1769890224 982677
0 542 537394 0 1769890225 520079
0 543 527374 0 1769890226 47462
0 544 535152 0 1769890226 582622
0 545 571820 0 1769890227 154450
0 546 509363 0 1769890227 663821
0 547 532035 0 1769890228 195864
0 548 500658 0 1769890228 696530
0 549 493564 0 1769890229 190103
0 550 476110 0 1769890229 666221
0 551 513729 0 1769890230 179960
0 552 505333 0 1769890230 685302
0 553 511037 0 1769890231 196347
0 554 486014 0 1769890231 682369
0 555 535044 0 1769890232 217421
0 556 2190794 0 1769890234 408223
0 557 526346 0 1769890234 934578
0 558 552528 0 1769890235 487121
0 559 530464 0 1769890236 17593
0 560 522488 0 1769890236 540090
0 561 547147 0 1769890237 87245
0 562 520992 0 1769890237 608245
0 563 531577 0 1769890238 139831
0 564 543087 0 1769890238 682926
0 565 535630 0 1769890239 218564
0 566 491075 0 1769890239 709647
0 567 496562 0 1769890240 206218
0 568 508225 0 1769890240 714451
0 569 515759 0 1769890241 230221
0 570 478434 0 1769890241 708663
0 571 484694 0 1769890242 193364
0 572 486930 0 1769890242 680303
0 573 502434 0 1769890243 182745
0 574 512691 0 1769890243 695444
0 575 515716 0 1769890244 211173
0 576 2137991 0 1769890246 349172
0 577 537203 0 1769890246 886383
0 578 544321 0 1769890247 430711
0 579 543059 0 1769890247 973779
0 580 521146 0 1769890248 494933
0 581 541480 0 1769890249 36421
0 582 530598 0 1769890249 567032
0 583 539570 0 1769890250 106610
0 584 525069 0 1769890250 631694
0 585 535262 0 1769890251 166964
0 586 470655 0 1769890251 637627
0 587 499101 0 1769890252 136739
0 588 512235 0 1769890252 648983
0 589 516515 0 1769890253 165506
0 590 507228 0 1769890253 672741
0 591 500679 0 1769890254 173429
0 592 503501 0 1769890254 676938
0 593 519795 0 1769890255 196741
0 594 511908 0 1769890255 708658
0 595 485483 0 1769890256 194150
0 596 2172616 0 1769890258 366774
0 597 545916 0 1769890258 912698
0 598 533374 0 1769890259 446081
0 599 539027 0 1769890259 985117
0 600 539117 0 1769890260 524242
0 601 544027 0 1769890261 68277
0 602 526820 0 1769890261 595105
0 603 525749 0 1769890262 120863
0 604 552461 0 1769890262 673332
0 605 531952 0 1769890263 205292
0 606 494583 0 1769890263 699882
0 607 515908 0 1769890264 215800
0 608 500621 0 1769890264 716436
0 609 507031 0 1769890265 223476
0 610 489773 0 1769890265 713257
0 611 529077 0 1769890266 242342
0 612 500984 0 1769890266 743334
0 613 505128 0 1769890267 248470
0 614 488941 0 1769890267 737419
0 615 520095 0 1769890268 257522
0 616 2122751 0 1769890270 380280
0 617 520315 0 1769890270 900605
0 618 552005 0 1769890271 452618
0 619 532621 0 1769890271 985247
0 620 517978 0 1769890272 503234
0 621 523369 0 1769890273 26610
0 622 555444 0 1769890273 582063
0 623 530952 0 1769890274 113025
0 624 524471 0 1769890274 637505
0 625 612383 0 1769890275 249896
0 626 503765 0 1769890275 753669
0 627 508305 0 1769890276 262041
0 628 494386 0 1769890276 756435
0 629 528880 0 1769890277 285322
0 630 514080 0 1769890277 799411
0 631 507662 0 1769890278 307081
0 632 488194 0 1769890278 795284
0 633 493560 0 1769890279 288852
0 634 518669 0 1769890279 807529
0 635 522170 0 1769890280 329707
0 636 2182095 0 1769890282 511809
0 637 536169 0 1769890283 47987
0 638 546953 0 1769890283 594948
0 639 531651 0 1769890284 126607
0 640 526294 0 1769890284 652910
0 641 550608 0 1769890285 203526
0 642 528403 0 1769890285 731937
0 643 529826 0 1769890286 261770
0 644 540891 0 1769890286 802670
0 645 541504 0 1769890287 344182
0 646 478236 0 1769890287 822426
0 647 502967 0 1769890288 325402
0 648 510107 0 1769890288 835517
0 649 502555 0 1769890289 338081
0 650 506887 0 1769890289 844975
0 651 501967 0 1769890290 346951
0 652 496295 0 1769890290 843253
0 653 515304 0 1769890291 358566
0 654 499800 0 1769890291 858373
0 655 516644 0 1769890292 375024
0 656 2125080 0 1769890294 500113
0 657 538591 0 1769890295 38712
0 658 522536 0 1769890295 561256
0 659 527135 0 1769890296 88399
0 660 519471 0 1769890296 607878
0 661 521755 0 1769890297 129642
0 662 532801 0 1769890297 662451
0 663 527474 0 1769890298 189933
0 664 522450 0 1769890298 712391
0 665 536098 0 1769890299 248497
0 666 506169 0 1769890299 754676
0 667 517086 0 1769890300 271770
0 668 500301 0 1769890300 772080
0 669 506653 0 1769890301 278742
0 670 517145 0 1769890301 795896
0 671 519429 0 1769890302 315339
0 672 499365 0 1769890302 814715
0 673 490015 0 1769890303 304738
0 674 502992 0 1769890303 807738
0 675 517594 0 1769890304 325341
0 676 2170807 0 1769890306 496163
0 677 529049 0 1769890307 25224
0 678 526514 0 1769890307 551746
0 679 545470 0 1769890308 97224
0 680 531788 0 1769890308 629021
0 681 527569 0 1769890309 156599
0 682 539312 0 1769890309 695920
0 683 534120 0 1769890310 230053
0 684 519345 0 1769890310 749407
0 685 574829 0 1769890311 324247
0 686 503483 0 1769890311 827739
0 687 521961 0 1769890312 349708
0 688 475314 0 1769890312 825031
0 689 488530 0 1769890313 313570
0 690 493312 0 1769890313 806889
0 691 524698 0 1769890314 331596
0 692 486424 0 1769890314 818036
0 693 506980 0 1769890315 325025
0 694 517516 0 1769890315 842550
0 695 512072 0 1769890316 354630
0 696 2112902 0 1769890318 467541
0 697 527029 0 1769890318 994581
0 698 541773 0 1769890319 536363
0 699 529620 0 1769890320 65997
0 700 522816 0 1769890320 588823
0 701 538910 0 1769890321 127742
0 702 508548 0 1769890321 636298
0 703 554181 0 1769890322 190489
0 704 538854 0 1769890322 729351
0 705 526804 0 1769890323 256164
0 706 505516 0 1769890323 761689
0 707 513932 0 1769890324 275630
0 708 572434 0 1769890324 848072
0 709 506529 0 1769890325 354614
0 710 480884 0 1769890325 835508
0 711 503412 0 1769890326 338927
0 712 504187 0 1769890326 843123
0 713 518399 0 1769890327 361530
0 714 517056 0 1769890327 878595
0 715 485980 0 1769890328 364583
0 716 2160751 0 1769890330 525343
0 717 536554 0 1769890331 61912
0 718 544031 0 1769890331 605952
0 719 525719 0 1769890332 131679
0 720 531907 0 1769890332 663596
0 721 538148 0 1769890333 201753
0 722 524038 0 1769890333 725799
0 723 529952 0 1769890334 255760
0 724 542240 0 1769890334 798009
0 725 537739 0 1769890335 335761
0 726 481952 0 1769890335 817722
0 727 520196 0 1769890336 337926
0 728 510686 0 1769890336 848621
0 729 520007 0 1769890337 368636
0 730 477531 0 1769890337 846176
0 731 502458 0 1769890338 348642
0 732 515544 0 1769890338 864202
0 733 517782 0 1769890339 381997
0 734 505515 0 1769890339 887520
0 735 511219 0 1769890340 398747
0 736 2137532 0 1769890342 536288
0 737 516665 0 1769890343 52961
0 738 501792 0 1769890343 554761
0 739 534240 0 1769890344 89009
0 740 508519 0 1769890344 597538
0 741 545598 0 1769890345 143143
0 742 532046 0 1769890345 675198
0 743 532773 0 1769890346 207981
0 744 523131 0 1769890346 731120
0 745 534699 0 1769890347 265827
0 746 512678 0 1769890347 778513
0 747 517975 0 1769890348 296495
0 748 498064 0 1769890348 794569
0 749 501850 0 1769890349 296428
0 750 517557 0 1769890349 813999
0 751 517371 0 1769890350 331448
0 752 508372 0 1769890350 839834
0 753 499828 0 1769890351 339670
0 754 518420 0 1769890351 858098
0 755 539259 0 1769890352 397364
0 756 2188646 0 1769890354 586019
0 757 924662 0 1769890355 510689
0 758 613241 0 1769890356 123938
0 759 595078 0 1769890356 719024
0 760 589481 0 1769890357 308513
0 761 611805 0 1769890357 920325
0 762 599195 0 1769890358 519529
0 763 582611 0 1769890359 102148
0 764 579207 0 1769890359 681362
0 765 632903 0 1769890360 314274
0 766 576658 0 1769890360 890941
0 767 573348 0 1769890361 464297
0 768 549339 0 1769890362 13644
0 769 587995 0 1769890362 601647
0 770 570324 0 1769890363 171978
0 771 577627 0 1769890363 749614
0 772 581387 0 1769890364 331009
0 773 559584 0 1769890364 890601
0 774 553477 0 1769890365 444086
0 775 569497 0 1769890366 13590
0 776 2214899 0 1769890368 228497
0 777 582870 0 1769890368 811376
0 778 615992 0 1769890369 427376
0 779 598585 0 1769890370 25969
0 780 612411 0 1769890370 638388
0 781 595961 0 1769890371 234358
0 782 575265 0 1769890371 809630
0 783 626940 0 1769890372 436577
0 784 591458 0 1769890373 28043
0 785 582723 0 1769890373 610774
0 786 562867 0 1769890374 173648
0 787 593838 0 1769890374 767495
0 788 562459 0 1769890375 329962
0 789 559646 0 1769890375 889617
0 790 646223 0 1769890376 535848
0 791 575894 0 1769890377 111750
0 792 559762 0 1769890377 671520
0 793 575417 0 1769890378 246945
0 794 565273 0 1769890378 812225
0 795 562106 0 1769890379 374340
0 796 2275273 0 1769890381 649621
0 797 586309 0 1769890382 235938
0 798 614798 0 1769890382 850747
0 799 598925 0 1769890383 449681
0 800 576996 0 1769890384 26685
0 801 589217 0 1769890384 615909
0 802 603903 0 1769890385 219820
0 803 591264 0 1769890385 811093
0 804 597261 0 1769890386 408362
0 805 571345 0 1769890386 979715
0 806 566304 0 1769890387 546041
0 807 571965 0 1769890388 118014
0 808 563829 0 1769890388 681851
0 809 568687 0 1769890389 250547
0 810 552370 0 1769890389 802925
0 811 570276 0 1769890390 373209
0 812 565930 0 1769890390 939147
0 813 572200 0 1769890391 511355
0 814 558889 0 1769890392 70252
0 815 572710 0 1769890392 642971
0 816 2195244 0 1769890394 838224
0 817 587095 0 1769890395 425327
0 818 606740 0 1769890396 32071
0 819 593299 0 1769890396 625380
0 820 584345 0 1769890397 209733
0 821 577203 0 1769890397 786944
0 822 597599 0 1769890398 384553
0 823 572502 0 1769890398 957064
0 824 583922 0 1769890399 540995
0 825 628292 0 1769890400 169295
0 826 554092 0 1769890400 723395
0 827 557771 0 1769890401 281175
0 828 556889 0 1769890401 838072
0 829 571484 0 1769890402 409564
0 830 559911 0 1769890402 969483
0 831 549611 0 1769890403 519103
0 832 545019 0 1769890404 64137
0 833 578967 0 1769890404 643113
0 834 569096 0 1769890405 212220
0 835 550964 0 1769890405 763193
0 836 2251766 0 1769890408 14971
0 837 597653 0 1769890408 612637
0 838 606883 0 1769890409 219532
0 839 582447 0 1769890409 801988
0 840 596221 0 1769890410 398218
0 841 603571 0 1769890411 1797
0 842 595784 0 1769890411 597589
0 843 581027 0 1769890412 178625
0 844 602548 0 1769890412 781182
0 845 601241 0 1769890413 382437
0 846 565725 0 1769890413 948171
0 847 559672 0 1769890414 507851
0 848 551084 0 1769890415 58942
0 849 572587 0 1769890415 631538
0 850 554907 0 1769890416 186453
0 851 579004 0 1769890416 765466
0 852 561855 0 1769890417 327329
0 853 551379 0 1769890417 878715
0 854 575122 0 1769890418 453851
0 855 559374 0 1769890419 13234
0 856 2197436 0 1769890421 210677
0 857 607443 0 1769890421 818132
0 858 594327 0 1769890422 412467
0 859 583232 0 1769890422 995707
0 860 585916 0 1769890423 581631
0 861 609289 0 1769890424 190928
0 862 577587 0 1769890424 768522
0 863 587826 0 1769890425 356356
0 864 579666 0 1769890425 936032
0 865 598825 0 1769890426 534865
0 866 547974 0 1769890427 82847
0 867 556342 0 1769890427 639197
0 868 540034 0 1769890428 179247
0 869 573703 0 1769890428 752959
0 870 565363 0 1769890429 318331
0 871 548951 0 1769890429 867290
0 872 579060 0 1769890430 446358
0 873 622279 0 1769890431 68646
0 874 567319 0 1769890431 635979
0 875 589976 0 1769890432 226034
0 876 2262592 0 1769890434 488635
0 877 610332 0 1769890435 98975
0 878 601476 0 1769890435 700459
0 879 594462 0 1769890436 294929
0 880 590227 0 1769890436 885164
0 881 606463 0 1769890437 491634
0 882 579870 0 1769890438 71514
0 883 581228 0 1769890438 652750
0 884 598390 0 1769890439 251147
0 885 613215 0 1769890439 864371
0 886 562859 0 1769890440 427239
0 887 554424 0 1769890440 981671
0 888 584298 0 1769890441 565978
0 889 571402 0 1769890442 137388
0 890 565425 0 1769890442 702821
0 891 546963 0 1769890443 249792
0 892 553654 0 1769890443 803458
0 893 577424 0 1769890444 380890
0 894 559299 0 1769890444 940197
0 895 565739 0 1769890445 505944
0 896 2208915 0 1769890447 714868
0 897 576637 0 1769890448 291514
0 898 607359 0 1769890448 898881
0 899 592307 0 1769890449 491196
0 900 573320 0 1769890450 64524
0 901 609803 0 1769890450 674335
0 902 590060 0 1769890451 264404
0 903 580931 0 1769890451 845343
0 904 596510 0 1769890452 441862
0 905 619291 0 1769890453 61162
0 906 551727 0 1769890453 612897
0 907 554151 0 1769890454 167055
0 908 569523 0 1769890454 736587
0 909 558084 0 1769890455 294679
0 910 559044 0 1769890455 853731
0 911 590527 0 1769890456 444267
0 912 568453 0 1769890457 12728
0 913 495503 0 1769890457 508239
0 914 521179 0 1769890458 29426
0 915 514596 0 1769890458 544029
0 916 2192488 0 1769890460 736525
0 917 512909 0 1769890461 249443
0 918 536323 0 1769890461 785782
0 919 551908 0 1769890462 337698
0 920 510978 0 1769890462 848685
0 921 535796 0 1769890463 384490
0 922 537941 0 1769890463 922439
0 923 547728 0 1769890464 470176
0 924 521926 0 1769890464 992111
0 925 578344 0 1769890465 570463
0 926 478730 0 1769890466 49201
0 927 501692 0 1769890466 550900
0 928 518322 0 1769890467 69231
0 929 518528 0 1769890467 587766
0 930 503174 0 1769890468 90949
0 931 491393 0 1769890468 582350
0 932 497258 0 1769890469 79622
0 933 522915 0 1769890469 602544
0 934 513378 0 1769890470 115930
0 935 507472 0 1769890470 623410
0 936 2115607 0 1769890472 739024
0 937 555238 0 1769890473 294271
0 938 530128 0 1769890473 824407
0 939 525649 0 1769890474 350063
0 940 505375 0 1769890474 855447
0 941 514222 0 1769890475 369677
0 942 546829 0 1769890475 916514
0 943 536050 0 1769890476 452572
0 944 519536 0 1769890476 972119
0 945 547096 0 1769890477 519223
0 946 497648 0 1769890478 16880
0 947 517870 0 1769890478 534758
0 948 496002 0 1769890479 30768
0 949 475961 0 1769890479 506738
0 950 514478 0 1769890480 21224
0 951 512512 0 1769890480 533744
0 952 499726 0 1769890481 33478
0 953 501409 0 1769890481 534901
0 954 477943 0 1769890482 12853
0 955 565798 0 1769890482 578659
0 956 2182875 0 1769890484 761541
0 957 530412 0 1769890485 291962
0 958 542662 0 1769890485 834632
0 959 539160 0 1769890486 373800
0 960 518521 0 1769890486 892330
0 961 558392 0 1769890487 450730
0 962 531774 0 1769890487 982512
0 963 550994 0 1769890488 533521
0 964 542513 0 1769890489 76044
0 965 529665 0 1769890489 605718
0 966 484469 0 1769890490 90195
0 967 500827 0 1769890490 591030
0 968 514519 0 1769890491 105558
0 969 488111 0 1769890491 593677
0 970 483951 0 1769890492 77643
0 971 516872 0 1769890492 594522
0 972 516652 0 1769890493 111183
0 973 514269 0 1769890493 625460
0 974 489960 0 1769890494 115429
0 975 497501 0 1769890494 612938
0 976 2132174 0 1769890496 745121
0 977 527495 0 1769890497 272625
0 978 541703 0 1769890497 814336
0 979 533633 0 1769890498 347979
0 980 528592 0 1769890498 876579
0 981 520469 0 1769890499 397056
0 982 524428 0 1769890499 921493
0 983 509721 0 1769890500 431222
0 984 543963 0 1769890500 975194
0 985 547829 0 1769890501 523032
0 986 475576 0 1769890501 998617
0 987 499774 0 1769890502 498399
0 988 508551 0 1769890503 6958
0 989 505342 0 1769890503 512308
0 990 493149 0 1769890504 5470
0 991 524721 0 1769890504 530200
0 992 498711 0 1769890505 28922
0 993 503249 0 1769890505 532185
0 994 504618 0 1769890506 36812
0 995 522060 0 1769890506 558880
0 996 2165578 0 1769890508 724473
0 997 524928 0 1769890509 249411
0 998 543323 0 1769890509 792744
0 999 519899 0 1769890510 312651
0 1000 524378 0 1769890510 837099
