0 1 1613925 0 1769888636 741160
0 2 639299 0 1769888637 380473
0 3 623793 0 1769888638 4273
0 4 619593 0 1769888638 623876
0 5 646370 0 1769888639 270254
0 6 630665 0 1769888639 900928
0 7 600190 0 1769888640 501125
0 8 641052 0 1769888641 142181
0 9 629803 0 1769888641 771995
0 10 636147 0 1769888642 408151
0 11 627268 0 1769888643 35426
0 12 611932 0 1769888643 647367
0 13 648714 0 1769888644 296089
0 14 625189 0 1769888644 921287
0 15 624617 0 1769888645 545912
0 16 2270631 0 1769888647 816551
0 17 625613 0 1769888648 442172
0 18 649348 0 1769888649 91529
0 19 637973 0 1769888649 729508
0 20 650350 0 1769888650 379865
0 21 629475 0 1769888651 9350
0 22 636205 0 1769888651 645563
0 23 618567 0 1769888652 264139
0 24 660773 0 1769888652 924919
0 25 616855 0 1769888653 541784
0 26 608890 0 1769888654 150682
0 27 609220 0 1769888654 759911
0 28 566339 0 1769888655 326258
0 29 590569 0 1769888655 916835
0 30 554650 0 1769888656 471492
0 31 579035 0 1769888657 50536
0 32 573077 0 1769888657 623621
0 33 528859 0 1769888658 152488
0 34 508940 0 1769888658 661441
0 35 524700 0 1769888659 186151
0 36 1983887 0 1769888661 170046
0 37 532717 0 1769888661 702776
0 38 547189 0 1769888662 249975
0 39 538963 0 1769888662 788946
0 40 529375 0 1769888663 318331
0 41 562944 0 1769888663 881285
0 42 546407 0 1769888664 427700
0 43 536767 0 1769888664 964479
0 44 555500 0 1769888665 519995
0 45 515112 0 1769888666 35119
0 46 516158 0 1769888666 551286
0 47 521423 0 1769888667 72720
0 48 514134 0 1769888667 586863
0 49 503952 0 1769888668 90825
0 50 533110 0 1769888668 623943
0 51 517299 0 1769888669 141252
0 52 516779 0 1769888669 658039
0 53 516830 0 1769888670 174878
0 54 533591 0 1769888670 708484
0 55 515471 0 1769888671 223966
0 56 1911544 0 1769888673 135525
0 57 530328 0 1769888673 665861
0 58 550897 0 1769888674 216767
0 59 533701 0 1769888674 750476
0 60 517828 0 1769888675 268313
0 61 546027 0 1769888675 814348
0 62 543388 0 1769888676 357751
0 63 540170 0 1769888676 897929
0 64 555655 0 1769888677 453593
0 65 561569 0 1769888678 15170
0 66 494524 0 1769888678 509702
0 67 519541 0 1769888679 29250
0 68 507866 0 1769888679 537124
0 69 510400 0 1769888680 47537
0 70 490252 0 1769888680 537798
0 71 523822 0 1769888681 61628
0 72 504709 0 1769888681 566345
0 73 512360 0 1769888682 78713
0 74 501647 0 1769888682 580369
0 75 522027 0 1769888683 102404
0 76 1972780 0 1769888685 75192
0 77 535003 0 1769888685 610203
0 78 545783 0 1769888686 155995
0 79 549583 0 1769888686 705587
0 80 545787 0 1769888687 251381
0 81 558712 0 1769888687 810102
0 82 541168 0 1769888688 351279
0 83 530030 0 1769888688 881317
0 84 563943 0 1769888689 445268
0 85 570965 0 1769888690 16240
0 86 489928 0 1769888690 506176
0 87 526088 0 1769888691 32273
0 88 506573 0 1769888691 538854
0 89 511612 0 1769888692 50475
0 90 503368 0 1769888692 553852
0 91 522756 0 1769888693 76616
0 92 508149 0 1769888693 584773
0 93 503867 0 1769888694 88649
0 94 526606 0 1769888694 615263
0 95 526854 0 1769888695 142125
0 96 1901383 0 1769888697 43516
0 97 529796 0 1769888697 573321
0 98 538780 0 1769888698 112110
0 99 536461 0 1769888698 648579
0 100 534999 0 1769888699 183587
0 101 531084 0 1769888699 714678
0 102 551160 0 1769888700 265847
0 103 538185 0 1769888700 804039
0 104 532896 0 1769888701 336944
0 105 558537 0 1769888701 895490
0 106 510219 0 1769888702 405717
0 107 505226 0 1769888702 910951
0 108 491752 0 1769888703 402710
0 109 492150 0 1769888703 894868
0 110 477610 0 1769888704 372487
0 111 485712 0 1769888704 858211
0 112 518224 0 1769888705 376442
0 113 512735 0 1769888705 889186
0 114 513533 0 1769888706 402732
0 115 546075 0 1769888706 948816
0 116 1994328 0 1769888708 943152
0 117 531766 0 1769888709 474927
0 118 548630 0 1769888710 23566
0 119 556468 0 1769888710 580045
0 120 529491 0 1769888711 109544
0 121 596325 0 1769888711 705878
0 122 539120 0 1769888712 245005
0 123 526356 0 1769888712 771370
0 124 541290 0 1769888713 312668
0 125 549687 0 1769888713 862363
0 126 509944 0 1769888714 372315
0 127 522698 0 1769888714 895022
0 128 499544 0 1769888715 394574
0 129 523234 0 1769888715 917877
0 130 519612 0 1769888716 437498
0 131 527955 0 1769888716 965461
0 132 516734 0 1769888717 482203
0 133 526270 0 1769888718 8481
0 134 519360 0 1769888718 527849
0 135 491665 0 1769888719 19527
0 136 1906236 0 1769888720 925771
0 137 553019 0 1769888721 478800
0 138 531908 0 1769888722 10717
0 139 525639 0 1769888722 536363
0 140 543795 0 1769888723 80167
0 141 537336 0 1769888723 617511
0 142 526742 0 1769888724 144265
0 143 537367 0 1769888724 681640
0 144 541908 0 1769888725 223557
0 145 545385 0 1769888725 768950
0 146 514888 0 1769888726 283846
0 147 512426 0 1769888726 796281
0 148 505385 0 1769888727 301675
0 149 488641 0 1769888727 790324
0 150 491263 0 1769888728 281595
0 151 514599 0 1769888728 796210
0 152 509590 0 1769888729 305814
0 153 509954 0 1769888729 815776
0 154 502959 0 1769888730 318749
0 155 526681 0 1769888730 845439
0 156 1969298 0 1769888732 814745
0 157 544565 0 1769888733 359319
0 158 542840 0 1769888733 902167
0 159 543909 0 1769888734 446084
0 160 532423 0 1769888734 978515
0 161 553623 0 1769888735 532146
0 162 519784 0 1769888736 51938
0 163 529195 0 1769888736 581141
0 164 547892 0 1769888737 129041
0 165 574692 0 1769888737 703741
0 166 489523 0 1769888738 193272
0 167 516487 0 1769888738 709767
0 168 509757 0 1769888739 219532
0 169 506069 0 1769888739 725610
0 170 505093 0 1769888740 230711
0 171 521600 0 1769888740 752319
0 172 509555 0 1769888741 261882
0 173 514114 0 1769888741 776004
0 174 511505 0 1769888742 287518
0 175 526088 0 1769888742 813614
0 176 1906005 0 1769888744 719627
0 177 526456 0 1769888745 246090
0 178 540744 0 1769888745 786843
0 179 542022 0 1769888746 328874
0 180 527288 0 1769888746 856176
0 181 554511 0 1769888747 410695
0 182 534512 0 1769888747 945215
0 183 542092 0 1769888748 487315
0 184 545451 0 1769888749 32774
0 185 583540 0 1769888749 616322
0 186 490733 0 1769888750 107063
0 187 522168 0 1769888750 629240
0 188 508353 0 1769888751 137601
0 189 520192 0 1769888751 657807
0 190 487512 0 1769888752 145328
0 191 523244 0 1769888752 668581
0 192 513854 0 1769888753 182443
0 193 508498 0 1769888753 690949
0 194 506360 0 1769888754 197319
0 195 527487 0 1769888754 724814
0 196 2143247 0 1769888756 868070
0 197 535401 0 1769888757 403484
0 198 539211 0 1769888757 942704
0 199 540315 0 1769888758 483027
0 200 536220 0 1769888759 19256
0 201 543687 0 1769888759 562951
0 202 538277 0 1769888760 101235
0 203 526558 0 1769888760 627802
0 204 561434 0 1769888761 189244
0 205 586138 0 1769888761 775394
0 206 506487 0 1769888762 281889
0 207 530987 0 1769888762 812884
0 208 513044 0 1769888763 325937
0 209 523031 0 1769888763 848976
0 210 497680 0 1769888764 346664
0 211 519653 0 1769888764 866325
0 212 515890 0 1769888765 382224
0 213 506712 0 1769888765 888944
0 214 518738 0 1769888766 407690
0 215 522898 0 1769888766 930597
0 216 2088142 0 1769888769 18747
0 217 551971 0 1769888769 570725
0 218 550675 0 1769888770 121409
0 219 541351 0 1769888770 662767
0 220 536256 0 1769888771 199032
0 221 546152 0 1769888771 745192
0 222 535872 0 1769888772 281072
0 223 540165 0 1769888772 821245
0 224 532307 0 1769888773 353561
0 225 540082 0 1769888773 893650
0 226 510125 0 1769888774 403784
0 227 502104 0 1769888774 905896
0 228 488945 0 1769888775 394850
0 229 519716 0 1769888775 914575
0 230 506238 0 1769888776 420820
0 231 506860 0 1769888776 927689
0 232 508161 0 1769888777 435858
0 233 522103 0 1769888777 957977
0 234 509185 0 1769888778 467170
0 235 525492 0 1769888778 992670
0 236 2166098 0 1769888781 158776
0 237 555015 0 1769888781 713799
0 238 539310 0 1769888782 253118
0 239 537221 0 1769888782 790348
0 240 551004 0 1769888783 341360
0 241 545771 0 1769888783 887139
0 242 544816 0 1769888784 431969
0 243 528260 0 1769888784 960242
0 244 531216 0 1769888785 491466
0 245 528193 0 1769888786 19667
0 246 529546 0 1769888786 549222
0 247 510024 0 1769888787 59256
0 248 511656 0 1769888787 570921
0 249 511759 0 1769888788 82689
0 250 521704 0 1769888788 604402
0 251 511996 0 1769888789 116406
0 252 521350 0 1769888789 637771
0 253 508951 0 1769888790 146731
0 254 523279 0 1769888790 670081
0 255 530654 0 1769888791 200745
0 256 2071937 0 1769888793 272689
0 257 537832 0 1769888793 810532
0 258 555071 0 1769888794 365611
0 259 535064 0 1769888794 900691
0 260 532558 0 1769888795 433258
0 261 559940 0 1769888795 993206
0 262 535576 0 1769888796 528789
0 263 525207 0 1769888797 54005
0 264 549521 0 1769888797 603535
0 265 566041 0 1769888798 169584
0 266 494201 0 1769888798 663794
0 267 506118 0 1769888799 169926
0 268 507606 0 1769888799 677541
0 269 501963 0 1769888800 179512
0 270 496250 0 1769888800 675770
0 271 518554 0 1769888801 194339
0 272 499827 0 1769888801 694174
0 273 510065 0 1769888802 204248
0 274 500274 0 1769888802 704530
0 275 524414 0 1769888803 228952
0 276 2123354 0 1769888805 352313
0 277 521163 0 1769888805 873485
0 278 543700 0 1769888806 417192
0 279 526755 0 1769888806 943956
0 280 525739 0 1769888807 469710
0 281 551582 0 1769888808 21300
0 282 534147 0 1769888808 555455
0 283 521729 0 1769888809 77192
0 284 550563 0 1769888809 627764
0 285 560909 0 1769888810 188682
0 286 497034 0 1769888810 685724
0 287 546467 0 1769888811 232200
0 288 509356 0 1769888811 741564
0 289 501842 0 1769888812 243414
0 290 488087 0 1769888812 731509
0 291 520754 0 1769888813 252272
0 292 507666 0 1769888813 759946
0 293 514587 0 1769888814 274542
0 294 506681 0 1769888814 781231
0 295 522697 0 1769888815 303937
0 296 2065922 0 1769888817 369867
0 297 517418 0 1769888817 887294
0 298 543214 0 1769888818 430517
0 299 507548 0 1769888818 938073
0 300 527331 0 1769888819 465412
0 301 512376 0 1769888819 977797
0 302 544803 0 1769888820 522607
0 303 534133 0 1769888821 56749
0 304 515944 0 1769888821 572700
0 305 531773 0 1769888822 104482
0 306 479334 0 1769888822 583824
0 307 512159 0 1769888823 96001
0 308 511907 0 1769888823 607917
0 309 503899 0 1769888824 111824
0 310 490945 0 1769888824 602776
0 311 576553 0 1769888825 179337
0 312 517587 0 1769888825 696933
0 313 514458 0 1769888826 211399
0 314 527705 0 1769888826 739112
0 315 512269 0 1769888827 251388
0 316 2135627 0 1769888829 387024
0 317 537601 0 1769888829 924634
0 318 548741 0 1769888830 473383
0 319 541374 0 1769888831 14765
0 320 522970 0 1769888831 537743
0 321 546031 0 1769888832 83783
0 322 547035 0 1769888832 630827
0 323 516707 0 1769888833 147542
0 324 548627 0 1769888833 696178
0 325 528155 0 1769888834 224341
0 326 501857 0 1769888834 726206
0 327 494217 0 1769888835 220432
0 328 517242 0 1769888835 737681
0 329 514383 0 1769888836 252073
0 330 499659 0 1769888836 751740
0 331 489300 0 1769888837 241049
0 332 507678 0 1769888837 748735
0 333 519105 0 1769888838 267848
0 334 489570 0 1769888838 757426
0 335 505011 0 1769888839 262445
0 336 1915634 0 1769888841 178087
0 337 527164 0 1769888841 705267
0 338 505711 0 1769888842 210987
0 339 560363 0 1769888842 771359
0 340 511944 0 1769888843 283315
0 341 529717 0 1769888843 813040
0 342 543142 0 1769888844 356190
0 343 530056 0 1769888844 886255
0 344 538699 0 1769888845 424962
0 345 548031 0 1769888845 973002
0 346 515552 0 1769888846 488562
0 347 498662 0 1769888846 987234
0 348 489342 0 1769888847 476590
0 349 515147 0 1769888847 991747
0 350 508421 0 1769888848 500175
0 351 506626 0 1769888849 6811
0 352 501993 0 1769888849 508813
0 353 517459 0 1769888850 26281
0 354 519296 0 1769888850 545585
0 355 508420 0 1769888851 54013
0 356 2320976 0 1769888853 374998
0 357 621333 0 1769888853 996342
0 358 594487 0 1769888854 590837
0 359 596092 0 1769888855 186936
0 360 604829 0 1769888855 791774
0 361 615676 0 1769888856 407459
0 362 594697 0 1769888857 2164
0 363 587503 0 1769888857 589684
0 364 594129 0 1769888858 183823
0 365 643679 0 1769888858 827512
0 366 564423 0 1769888859 391943
0 367 561368 0 1769888859 953319
0 368 575297 0 1769888860 528624
0 369 565134 0 1769888861 93774
0 370 561572 0 1769888861 655352
0 371 570405 0 1769888862 225766
0 372 558474 0 1769888862 784254
0 373 561916 0 1769888863 346178
0 374 584119 0 1769888863 930307
0 375 573121 0 1769888864 503437
0 376 1966453 0 1769888866 469897
0 377 599836 0 1769888867 69746
0 378 607939 0 1769888867 677758
0 379 583358 0 1769888868 261130
0 380 587289 0 1769888868 848427
0 381 608690 0 1769888869 457125
0 382 587448 0 1769888870 44581
0 383 574544 0 1769888870 619133
0 384 612405 0 1769888871 231546
0 385 641278 0 1769888871 872831
0 386 577594 0 1769888872 450434
0 387 579030 0 1769888873 29472
0 388 570891 0 1769888873 600372
0 389 580686 0 1769888874 181067
0 390 576234 0 1769888874 757309
0 391 568845 0 1769888875 326161
0 392 579580 0 1769888875 905750
0 393 562000 0 1769888876 467758
0 394 582952 0 1769888877 50718
0 395 575820 0 1769888877 626546
0 396 2042176 0 1769888879 668732
0 397 616180 0 1769888880 284920
0 398 605018 0 1769888880 889947
0 399 596905 0 1769888881 486860
0 400 598054 0 1769888882 84921
0 401 606869 0 1769888882 691797
0 402 592599 0 1769888883 284403
0 403 593129 0 1769888883 877540
0 404 604146 0 1769888884 481696
0 405 597153 0 1769888885 78857
0 406 542971 0 1769888885 621837
0 407 579631 0 1769888886 201476
0 408 567651 0 1769888886 769135
0 409 559064 0 1769888887 328208
0 410 568880 0 1769888887 897097
0 411 564070 0 1769888888 461175
0 412 551713 0 1769888889 12896
0 413 580364 0 1769888889 593268
0 414 577904 0 1769888890 171180
0 415 558523 0 1769888890 729711
0 416 2004784 0 1769888892 734503
0 417 606081 0 1769888893 340597
0 418 598159 0 1769888893 938765
0 419 597046 0 1769888894 535818
0 420 572855 0 1769888895 108681
0 421 608934 0 1769888895 717624
0 422 589660 0 1769888896 307292
0 423 582388 0 1769888896 889688
0 424 622867 0 1769888897 512564
0 425 594263 0 1769888898 106842
0 426 562037 0 1769888898 668887
0 427 579342 0 1769888899 248237
0 428 580906 0 1769888899 829151
0 429 572179 0 1769888900 401338
0 430 574328 0 1769888900 975674
0 431 567672 0 1769888901 543354
0 432 552158 0 1769888902 95520
0 433 578121 0 1769888902 673649
0 434 559902 0 1769888903 233559
0 435 559519 0 1769888903 793091
0 436 2029779 0 1769888905 822878
0 437 603366 0 1769888906 426253
0 438 598159 0 1769888907 24421
0 439 579690 0 1769888907 604119
0 440 600773 0 1769888908 204900
0 441 604559 0 1769888908 809467
0 442 569407 0 1769888909 378883
0 443 610255 0 1769888909 989146
0 444 605157 0 1769888910 594311
0 445 605975 0 1769888911 200294
0 446 564365 0 1769888911 764667
0 447 563390 0 1769888912 328066
0 448 576544 0 1769888912 904618
0 449 564357 0 1769888913 468984
0 450 557655 0 1769888914 26648
0 451 576047 0 1769888914 602704
0 452 552822 0 1769888915 155534
0 453 560338 0 1769888915 715880
0 454 574447 0 1769888916 290335
0 455 559783 0 1769888916 850127
0 456 1970414 0 1769888918 820549
0 457 589800 0 1769888919 410357
0 458 608412 0 1769888920 18777
0 459 595987 0 1769888920 614773
0 460 570506 0 1769888921 185287
0 461 601298 0 1769888921 786593
0 462 565642 0 1769888922 352244
0 463 601507 0 1769888922 953760
0 464 595220 0 1769888923 548995
0 465 635399 0 1769888924 184402
0 466 574527 0 1769888924 758937
0 467 562143 0 1769888925 321093
0 468 578086 0 1769888925 899188
0 469 574886 0 1769888926 474083
0 470 573418 0 1769888927 47511
0 471 571283 0 1769888927 618802
0 472 555920 0 1769888928 174737
0 473 583112 0 1769888928 757858
0 474 561515 0 1769888929 319381
0 475 569687 0 1769888929 889076
0 476 2051222 0 1769888931 940308
0 477 587653 0 1769888932 527972
0 478 607188 0 1769888933 135168
0 479 597063 0 1769888933 732244
0 480 589608 0 1769888934 321861
0 481 629323 0 1769888934 951195
0 482 607518 0 1769888935 558728
0 483 583243 0 1769888936 141981
0 484 619371 0 1769888936 761360
0 485 597500 0 1769888937 358868
0 486 585385 0 1769888937 944261
0 487 572455 0 1769888938 516725
0 488 555822 0 1769888939 72556
0 489 588459 0 1769888939 661023
0 490 561998 0 1769888940 223028
0 491 565881 0 1769888940 788918
0 492 578380 0 1769888941 367305
0 493 571910 0 1769888941 939224
0 494 561778 0 1769888942 501009
0 495 596268 0 1769888943 97285
0 496 2002421 0 1769888945 99715
0 497 592782 0 1769888945 692521
0 498 616817 0 1769888946 309346
0 499 582543 0 1769888946 891896
0 500 566487 0 1769888947 458392
0 501 587769 0 1769888948 46168
0 502 606907 0 1769888948 653140
0 503 604158 0 1769888949 257305
0 504 606431 0 1769888949 863745
0 505 608048 0 1769888950 471801
0 506 564783 0 1769888951 36591
0 507 561272 0 1769888951 597872
0 508 553941 0 1769888952 151821
0 509 592330 0 1769888952 744158
0 510 557550 0 1769888953 301717
0 511 556589 0 1769888953 858314
0 512 578237 0 1769888954 436560
0 513 561135 0 1769888954 997704
0 514 576851 0 1769888955 574563
0 515 514974 0 1769888956 89545
0 516 1981231 0 1769888958 70789
0 517 530498 0 1769888958 601295
0 518 535855 0 1769888959 137159
0 519 521756 0 1769888959 658922
0 520 523466 0 1769888960 182397
0 521 523762 0 1769888960 706167
0 522 542176 0 1769888961 248351
0 523 530411 0 1769888961 778770
0 524 530798 0 1769888962 309577
0 525 546846 0 1769888962 856431
0 526 508239 0 1769888963 364678
0 527 494885 0 1769888963 859571
0 528 496538 0 1769888964 356117
0 529 489079 0 1769888964 845204
0 530 512761 0 1769888965 357973
0 531 505662 0 1769888965 863644
0 532 490916 0 1769888966 354568
0 533 500544 0 1769888966 855120
0 534 500125 0 1769888967 355259
0 535 521032 0 1769888967 876299
0 536 1923681 0 1769888969 799995
0 537 527880 0 1769888970 327883
0 538 542569 0 1769888970 870465
0 539 528960 0 1769888971 399433
0 540 526526 0 1769888971 925967
0 541 543194 0 1769888972 469170
0 542 530788 0 1769888972 999967
0 543 525079 0 1769888973 525059
0 544 536792 0 1769888974 61861
0 545 580167 0 1769888974 642037
0 546 488516 0 1769888975 130561
0 547 530706 0 1769888975 661275
0 548 500344 0 1769888976 161628
0 549 514752 0 1769888976 676390
0 550 494848 0 1769888977 171246
0 551 519802 0 1769888977 691056
0 552 501343 0 1769888978 192408
0 553 518867 0 1769888978 711290
0 554 500011 0 1769888979 211310
0 555 514266 0 1769888979 725584
0 556 1978818 0 1769888981 704411
0 557 513965 0 1769888982 218386
0 558 515179 0 1769888982 733572
0 559 531391 0 1769888983 264972
0 560 541878 0 1769888983 806866
0 561 540554 0 1769888984 347429
0 562 523478 0 1769888984 870915
0 563 543246 0 1769888985 414169
0 564 541951 0 1769888985 956128
0 565 518021 0 1769888986 474157
0 566 485965 0 1769888986 960132
0 567 516733 0 1769888987 476873
0 568 501563 0 1769888987 978444
0 569 503044 0 1769888988 481496
0 570 489754 0 1769888988 971259
0 571 471095 0 1769888989 442362
0 572 525968 0 1769888989 968344
0 573 502190 0 1769888990 470541
0 574 501632 0 1769888990 972182
0 575 510626 0 1769888991 482816
0 576 1920669 0 1769888993 403494
0 577 523910 0 1769888993 927419
0 578 538041 0 1769888994 465468
0 579 540048 0 1769888995 5525
0 580 527201 0 1769888995 532735
0 581 544205 0 1769888996 76947
0 582 530009 0 1769888996 606965
0 583 516852 0 1769888997 123825
0 584 536125 0 1769888997 659959
0 585 520423 0 1769888998 180391
0 586 501536 0 1769888998 681935
0 587 514264 0 1769888999 196207
0 588 505061 0 1769888999 701276
0 589 504679 0 1769889000 205964
0 590 503861 0 1769889000 709832
0 591 516336 0 1769889001 226177
0 592 518207 0 1769889001 744392
0 593 507110 0 1769889002 251510
0 594 502940 0 1769889002 754459
0 595 517295 0 1769889003 271762
0 596 1977382 0 1769889005 249151
0 597 525900 0 1769889005 775060
0 598 530775 0 1769889006 305844
0 599 549080 0 1769889006 854932
0 600 517022 0 1769889007 371962
0 601 551541 0 1769889007 923511
0 602 529129 0 1769889008 452649
0 603 520386 0 1769889008 973044
0 604 543521 0 1769889009 516574
0 605 549796 0 1769889010 66378
0 606 498170 0 1769889010 564556
0 607 520692 0 1769889011 85258
0 608 504293 0 1769889011 589559
0 609 508174 0 1769889012 97741
0 610 491712 0 1769889012 589460
0 611 515078 0 1769889013 104547
0 612 501228 0 1769889013 605787
0 613 491257 0 1769889014 97058
0 614 502978 0 1769889014 600044
0 615 519976 0 1769889015 120030
0 616 1916843 0 1769889017 36881
0 617 525573 0 1769889017 562466
0 618 520996 0 1769889018 83474
0 619 549239 0 1769889018 632721
0 620 530620 0 1769889019 163356
0 621 527022 0 1769889019 690387
0 622 537404 0 1769889020 227800
0 623 532314 0 1769889020 760122
0 624 522120 0 1769889021 282250
0 625 612249 0 1769889021 894513
0 626 510376 0 1769889022 404898
0 627 500965 0 1769889022 905940
0 628 488405 0 1769889023 394353
0 629 521847 0 1769889023 916208
0 630 514027 0 1769889024 430244
0 631 508114 0 1769889024 938366
0 632 497512 0 1769889025 435887
0 633 521374 0 1769889025 957270
0 634 518952 0 1769889026 476230
0 635 516410 0 1769889026 992647
0 636 1978839 0 1769889028 971495
0 637 548893 0 1769889029 520397
0 638 541445 0 1769889030 61850
0 639 545091 0 1769889030 606949
0 640 532024 0 1769889031 138982
0 641 534179 0 1769889031 673169
0 642 549481 0 1769889032 222658
0 643 540402 0 1769889032 763073
0 644 525097 0 1769889033 288179
0 645 545280 0 1769889033 833468
0 646 495560 0 1769889034 329036
0 647 492492 0 1769889034 821536
0 648 484325 0 1769889035 305871
0 649 510396 0 1769889035 816275
0 650 493993 0 1769889036 310275
0 651 515066 0 1769889036 825349
0 652 490059 0 1769889037 315416
0 653 524073 0 1769889037 839498
0 654 507295 0 1769889038 346802
0 655 511187 0 1769889038 857998
0 656 1921288 0 1769889040 779302
0 657 537085 0 1769889041 316396
0 658 531863 0 1769889041 848266
0 659 494022 0 1769889042 342297
0 660 524989 0 1769889042 867293
0 661 509181 0 1769889043 376483
0 662 533568 0 1769889043 910059
0 663 531074 0 1769889044 441141
0 664 520929 0 1769889044 962078
0 665 545369 0 1769889045 507456
0 666 504704 0 1769889046 12168
0 667 506762 0 1769889046 518938
0 668 481951 0 1769889047 896
0 669 503782 0 1769889047 504687
0 670 514819 0 1769889048 19514
0 671 505487 0 1769889048 525010
0 672 506116 0 1769889049 31134
0 673 502466 0 1769889049 533607
0 674 537763 0 1769889050 71379
0 675 513390 0 1769889050 584777
0 676 1967290 0 1769889052 552076
0 677 543720 0 1769889053 95804
0 678 540738 0 1769889053 636552
0 679 530142 0 1769889054 166706
0 680 520835 0 1769889054 687549
0 681 549269 0 1769889055 236826
0 682 529261 0 1769889055 766096
0 683 521909 0 1769889056 288013
0 684 547221 0 1769889056 835243
0 685 552488 0 1769889057 387738
0 686 488900 0 1769889057 876647
0 687 523802 0 1769889058 400457
0 688 497531 0 1769889058 897996
0 689 502851 0 1769889059 400855
0 690 487351 0 1769889059 888218
0 691 472469 0 1769889060 360697
0 692 519349 0 1769889060 880054
0 693 506658 0 1769889061 386720
0 694 515488 0 1769889061 902218
0 695 505011 0 1769889062 407237
0 696 1919246 0 1769889064 326491
0 697 521537 0 1769889064 848037
0 698 523200 0 1769889065 371245
0 699 545705 0 1769889065 916959
0 700 530103 0 1769889066 447070
0 701 525887 0 1769889066 972965
0 702 541556 0 1769889067 514530
0 703 549312 0 1769889068 63850
0 704 523449 0 1769889068 587311
0 705 547818 0 1769889069 135138
0 706 505270 0 1769889069 640415
0 707 508893 0 1769889070 149317
0 708 551319 0 1769889070 700644
0 709 526251 0 1769889071 226902
0 710 487404 0 1769889071 714315
0 711 481833 0 1769889072 196156
0 712 506077 0 1769889072 702240
0 713 476400 0 1769889073 178649
0 714 518582 0 1769889073 697239
0 715 521056 0 1769889074 218303
0 716 1972985 0 1769889076 191297
0 717 538465 0 1769889076 729769
0 718 541451 0 1769889077 271229
0 719 540342 0 1769889077 811579
0 720 521979 0 1769889078 333567
0 721 566473 0 1769889078 900047
0 722 540653 0 1769889079 440709
0 723 512748 0 1769889079 953465
0 724 528121 0 1769889080 481595
0 725 542877 0 1769889081 24480
0 726 492494 0 1769889081 516982
0 727 504319 0 1769889082 21308
0 728 484069 0 1769889082 505386
0 729 533210 0 1769889083 38604
0 730 500448 0 1769889083 539064
0 731 485714 0 1769889084 24787
0 732 502663 0 1769889084 527458
0 733 521811 0 1769889085 49277
0 734 509595 0 1769889085 558880
0 735 503387 0 1769889086 62276
0 736 1907052 0 1769889087 969336
0 737 540942 0 1769889088 510287
0 738 528027 0 1769889089 38322
0 739 520996 0 1769889089 559326
0 740 550995 0 1769889090 110330
0 741 531899 0 1769889090 642240
0 742 516805 0 1769889091 159054
0 743 550437 0 1769889091 709499
0 744 530946 0 1769889092 240454
0 745 544846 0 1769889092 785309
0 746 507403 0 1769889093 292720
0 747 511175 0 1769889093 803904
0 748 488008 0 1769889094 291920
0 749 501057 0 1769889094 792985
0 750 470217 0 1769889095 263210
0 751 519798 0 1769889095 783069
0 752 484424 0 1769889096 267501
0 753 508278 0 1769889096 775794
0 754 514187 0 1769889097 289992
0 755 532172 0 1769889097 822174
0 756 1962301 0 1769889099 784483
0 757 526090 0 1769889100 310587
0 758 541625 0 1769889100 852222
0 759 527945 0 1769889101 380175
0 760 524271 0 1769889101 904456
0 761 538032 0 1769889102 442496
0 762 527500 0 1769889102 970006
0 763 537218 0 1769889103 507232
0 764 523255 0 1769889104 30497
0 765 559879 0 1769889104 590384
0 766 510273 0 1769889105 100673
0 767 506508 0 1769889105 607190
0 768 480493 0 1769889106 87692
0 769 516112 0 1769889106 603813
0 770 502553 0 1769889107 106378
0 771 481919 0 1769889107 588308
0 772 497778 0 1769889108 86094
0 773 519225 0 1769889108 605327
0 774 513307 0 1769889109 118642
0 775 517528 0 1769889109 636179
0 776 1911319 0 1769889111 547507
0 777 547386 0 1769889112 94901
0 778 535583 0 1769889112 630492
0 779 527460 0 1769889113 157960
0 780 538335 0 1769889113 696302
0 781 543509 0 1769889114 239820
0 782 521116 0 1769889114 760944
0 783 546502 0 1769889115 307453
0 784 532354 0 1769889115 839816
0 785 522104 0 1769889116 361928
0 786 516843 0 1769889116 878779
0 787 508270 0 1769889117 387057
0 788 487982 0 1769889117 875047
0 789 497994 0 1769889118 373049
0 790 571370 0 1769889118 944427
0 791 510250 0 1769889119 454686
0 792 510141 0 1769889119 964835
0 793 517604 0 1769889120 482448
0 794 505952 0 1769889120 988408
0 795 501386 0 1769889121 489803
0 796 2134423 0 1769889123 624234
0 797 552036 0 1769889124 176278
0 798 528430 0 1769889124 704716
0 799 523507 0 1769889125 228231
0 800 541157 0 1769889125 769397
0 801 534304 0 1769889126 303709
0 802 522322 0 1769889126 826040
0 803 510606 0 1769889127 336654
0 804 529211 0 1769889127 865872
0 805 544652 0 1769889128 410533
0 806 504935 0 1769889128 915477
0 807 516272 0 1769889129 431757
0 808 491825 0 1769889129 923590
0 809 513838 0 1769889130 437436
0 810 501465 0 1769889130 938910
0 811 483815 0 1769889131 422733
0 812 503571 0 1769889131 926314
0 813 513749 0 1769889132 440071
0 814 509458 0 1769889132 949538
0 815 508064 0 1769889133 457609
0 816 2066218 0 1769889135 523836
0 817 538372 0 1769889136 62217
0 818 524712 0 1769889136 586936
0 819 520114 0 1769889137 107059
0 820 539240 0 1769889137 646307
0 821 527175 0 1769889138 173490
0 822 532568 0 1769889138 706073
0 823 517122 0 1769889139 223203
0 824 547211 0 1769889139 770423
0 825 542681 0 1769889140 313112
0 826 488463 0 1769889140 801583
0 827 480615 0 1769889141 282206
0 828 508766 0 1769889141 790980
0 829 494751 0 1769889142 285739
0 830 492547 0 1769889142 778295
0 831 486543 0 1769889143 264845
0 832 518028 0 1769889143 782882
0 833 517967 0 1769889144 300857
0 834 511732 0 1769889144 812597
0 835 494471 0 1769889145 307084
0 836 2108777 0 1769889147 415875
0 837 548111 0 1769889147 964000
0 838 529705 0 1769889148 493719
0 839 522861 0 1769889149 16594
0 840 540598 0 1769889149 557200
0 841 547957 0 1769889150 105169
0 842 541394 0 1769889150 646578
0 843 529002 0 1769889151 175594
0 844 515987 0 1769889151 691589
0 845 570686 0 1769889152 262287
0 846 512036 0 1769889152 774333
0 847 504262 0 1769889153 278604
0 848 858940 0 1769889154 137552
0 849 576931 0 1769889154 714492
0 850 572252 0 1769889155 286754
0 851 561726 0 1769889155 848488
0 852 566532 0 1769889156 415029
0 853 576415 0 1769889156 991453
0 854 570302 0 1769889157 561763
0 855 559720 0 1769889158 121491
0 856 2160559 0 1769889160 282058
0 857 587146 0 1769889160 869212
0 858 609347 0 1769889161 478567
0 859 617808 0 1769889162 96383
0 860 582080 0 1769889162 678471
0 861 596892 0 1769889163 275371
0 862 595724 0 1769889163 871104
0 863 590978 0 1769889164 462089
0 864 608537 0 1769889165 70634
0 865 596823 0 1769889165 667466
0 866 573236 0 1769889166 240709
0 867 552385 0 1769889166 793103
0 868 564591 0 1769889167 357701
0 869 578297 0 1769889167 936006
0 870 562460 0 1769889168 498474
0 871 569887 0 1769889169 68370
0 872 577930 0 1769889169 646307
0 873 644702 0 1769889170 291018
0 874 567705 0 1769889170 858731
0 875 588266 0 1769889171 447065
0 876 2230355 0 1769889173 677429
0 877 616191 0 1769889174 293628
0 878 608078 0 1769889174 901714
0 879 597723 0 1769889175 499446
0 880 594950 0 1769889176 94404
0 881 603494 0 1769889176 697906
0 882 590657 0 1769889177 288571
0 883 587732 0 1769889177 876310
0 884 604073 0 1769889178 480392
0 885 600711 0 1769889179 81111
0 886 558431 0 1769889179 639551
0 887 580390 0 1769889180 219950
0 888 563342 0 1769889180 783300
0 889 567071 0 1769889181 350379
0 890 570135 0 1769889181 920522
0 891 572889 0 1769889182 493420
0 892 557498 0 1769889183 50926
0 893 574819 0 1769889183 625753
0 894 566962 0 1769889184 192723
0 895 555165 0 1769889184 747895
0 896 2178509 0 1769889186 926413
0 897 592322 0 1769889187 518744
0 898 611147 0 1769889188 129899
0 899 590248 0 1769889188 720158
0 900 580227 0 1769889189 300392
0 901 610885 0 1769889189 911286
0 902 597785 0 1769889190 509079
0 903 580672 0 1769889191 89759
0 904 613063 0 1769889191 702831
0 905 615199 0 1769889192 318038
0 906 545977 0 1769889192 864023
0 907 568824 0 1769889193 432855
0 908 566128 0 1769889193 998999
0 909 572115 0 1769889194 571122
0 910 570780 0 1769889195 141910
0 911 581584 0 1769889195 723502
0 912 546955 0 1769889196 270466
0 913 558029 0 1769889196 828503
0 914 578539 0 1769889197 407051
0 915 561597 0 1769889197 968657
0 916 2213291 0 1769889200 181956
0 917 623227 0 1769889200 805194
0 918 609241 0 1769889201 414446
0 919 574938 0 1769889201 989394
0 920 612475 0 1769889202 601878
0 921 602710 0 1769889203 204597
0 922 589969 0 1769889203 794581
0 923 599273 0 1769889204 393869
0 924 606521 0 1769889205 399
0 925 624261 0 1769889205 624667
0 926 569618 0 1769889206 194298
0 927 568842 0 1769889206 763148
0 928 556043 0 1769889207 319202
0 929 560734 0 1769889207 879947
0 930 581158 0 1769889208 461115
0 931 563401 0 1769889209 24530
0 932 549820 0 1769889209 574360
0 933 594328 0 1769889210 168698
0 934 563913 0 1769889210 732620
0 935 569186 0 1769889211 301819
0 936 2173047 0 1769889213 474876
0 937 594620 0 1769889214 69511
0 938 603400 0 1769889214 672919
0 939 584504 0 1769889215 257432
0 940 589980 0 1769889215 847421
0 941 611376 0 1769889216 458805
0 942 591774 0 1769889217 50589
0 943 583299 0 1769889217 633896
0 944 607283 0 1769889218 241188
0 945 593671 0 1769889218 834872
0 946 543832 0 1769889219 378712
0 947 573614 0 1769889219 952335
0 948 562784 0 1769889220 515126
0 949 551785 0 1769889221 66920
0 950 569991 0 1769889221 636919
0 951 564357 0 1769889222 201284
0 952 548687 0 1769889222 749980
0 953 569971 0 1769889223 319959
0 954 550946 0 1769889223 870912
0 955 610520 0 1769889224 481440
0 956 2071208 0 1769889226 552657
0 957 607717 0 1769889227 160381
0 958 609913 0 1769889227 770303
0 959 590403 0 1769889228 360713
0 960 598245 0 1769889228 958967
0 961 612741 0 1769889229 571715
0 962 610467 0 1769889230 182205
0 963 591243 0 1769889230 773456
0 964 563288 0 1769889231 336753
0 965 599144 0 1769889231 935904
0 966 558571 0 1769889232 494484
0 967 561496 0 1769889233 55988
0 968 573714 0 1769889233 629711
0 969 568050 0 1769889234 197770
0 970 564464 0 1769889234 762242
0 971 576975 0 1769889235 339225
0 972 567191 0 1769889235 906424
0 973 556966 0 1769889236 463399
0 974 574132 0 1769889237 37539
0 975 568707 0 1769889237 606255
0 976 1993619 0 1769889239 599882
0 977 599629 0 1769889240 199519
0 978 597572 0 1769889240 797099
0 979 570509 0 1769889241 367616
0 980 597296 0 1769889241 964921
0 981 570708 0 1769889242 535637
0 982 589894 0 1769889243 125539
0 983 598511 0 1769889243 724058
0 984 576253 0 1769889244 300319
0 985 624921 0 1769889244 925249
0 986 558055 0 1769889245 483312
0 987 561563 0 1769889246 44882
0 988 549658 0 1769889246 594548
0 989 575530 0 1769889247 170087
0 990 543928 0 1769889247 714023
0 991 560579 0 1769889248 274611
0 992 566644 0 1769889248 841262
0 993 559177 0 1769889249 400448
0 994 559396 0 1769889249 959852
0 995 561755 0 1769889250 521615
0 996 2056929 0 1769889252 578552
0 997 581474 0 1769889253 160035
0 998 608319 0 1769889253 768362
0 999 585082 0 1769889254 353451
0 1000 580272 0 1769889254 933785
