0 1 1464345 0 1769889260 490007
0 2 580656 0 1769889261 70678
0 3 585055 0 1769889261 655742
0 4 566085 0 1769889262 221835
0 5 572475 0 1769889262 794317
0 6 577631 0 1769889263 371956
0 7 541457 0 1769889263 913421
0 8 553422 0 1769889264 466850
0 9 549414 0 1769889265 16272
0 10 572134 0 1769889265 588414
0 11 565683 0 1769889266 154105
0 12 554323 0 1769889266 708436
0 13 585315 0 1769889267 293759
0 14 566110 0 1769889267 859877
0 15 555742 0 1769889268 415634
0 16 2158682 0 1769889270 574324
0 17 565085 0 1769889271 139416
0 18 581321 0 1769889271 720746
0 19 570773 0 1769889272 291527
0 20 562186 0 1769889272 853722
0 21 585910 0 1769889273 439639
0 22 573017 0 1769889274 12665
0 23 558039 0 1769889274 570711
0 24 594527 0 1769889275 165247
0 25 564954 0 1769889275 730209
0 26 540581 0 1769889276 270798
0 27 569394 0 1769889276 840201
0 28 525722 0 1769889277 365931
0 29 506376 0 1769889277 872315
0 30 518655 0 1769889278 390978
0 31 537542 0 1769889278 928527
0 32 515458 0 1769889279 443993
0 33 526964 0 1769889279 970966
0 34 512973 0 1769889280 483947
0 35 526762 0 1769889281 10716
0 36 2118048 0 1769889283 128773
0 37 535795 0 1769889283 664576
0 38 549145 0 1769889284 213729
0 39 542234 0 1769889284 755971
0 40 524111 0 1769889285 280096
0 41 560784 0 1769889285 840890
0 42 547296 0 1769889286 388197
0 43 549785 0 1769889286 937997
0 44 570282 0 1769889287 508289
0 45 550344 0 1769889288 58643
0 46 495991 0 1769889288 554643
0 47 535039 0 1769889289 89695
0 48 501222 0 1769889289 590925
0 49 509467 0 1769889290 100402
0 50 531740 0 1769889290 632150
0 51 520753 0 1769889291 152913
0 52 510763 0 1769889291 663686
0 53 518858 0 1769889292 182557
0 54 530827 0 1769889292 713392
0 55 520459 0 1769889293 233861
0 56 2038290 0 1769889295 272159
0 57 532373 0 1769889295 804543
0 58 549905 0 1769889296 354458
0 59 535197 0 1769889296 889669
0 60 533927 0 1769889297 423609
0 61 562542 0 1769889297 986162
0 62 542487 0 1769889298 528657
0 63 527965 0 1769889299 56632
0 64 561121 0 1769889299 617761
0 65 571136 0 1769889300 188906
0 66 484416 0 1769889300 673330
0 67 516592 0 1769889301 189934
0 68 500662 0 1769889301 690604
0 69 507666 0 1769889302 198283
0 70 490850 0 1769889302 689140
0 71 529422 0 1769889303 218573
0 72 513210 0 1769889303 731792
0 73 516816 0 1769889304 248620
0 74 494502 0 1769889304 743130
0 75 523619 0 1769889305 266758
0 76 2112949 0 1769889307 379718
0 77 529584 0 1769889307 909326
0 78 543270 0 1769889308 452607
0 79 549708 0 1769889309 2322
0 80 529062 0 1769889309 531393
0 81 554085 0 1769889310 85486
0 82 552336 0 1769889310 637831
0 83 531810 0 1769889311 169649
0 84 553461 0 1769889311 723118
0 85 574261 0 1769889312 297388
0 86 487267 0 1769889312 784663
0 87 491572 0 1769889313 276243
0 88 523881 0 1769889313 800132
0 89 518135 0 1769889314 318275
0 90 514179 0 1769889314 832462
0 91 506846 0 1769889315 339316
0 92 490154 0 1769889315 829478
0 93 524286 0 1769889316 353772
0 94 512055 0 1769889316 865841
0 95 517840 0 1769889317 383689
0 96 2037310 0 1769889319 421007
0 97 550448 0 1769889319 971463
0 98 522545 0 1769889320 494016
0 99 529309 0 1769889321 23333
0 100 515790 0 1769889321 539131
0 101 521988 0 1769889322 61127
0 102 549614 0 1769889322 610749
0 103 540130 0 1769889323 150887
0 104 537479 0 1769889323 688374
0 105 522171 0 1769889324 210553
0 106 515253 0 1769889324 725814
0 107 504983 0 1769889325 230805
0 108 502734 0 1769889325 733547
0 109 510442 0 1769889326 243997
0 110 522888 0 1769889326 766894
0 111 511706 0 1769889327 278608
0 112 505148 0 1769889327 783764
0 113 501087 0 1769889328 284859
0 114 522831 0 1769889328 807698
0 115 554548 0 1769889329 362254
0 116 2098647 0 1769889331 460909
0 117 536596 0 1769889331 997513
0 118 549198 0 1769889332 546719
0 119 544053 0 1769889333 90779
0 120 537382 0 1769889333 628170
0 121 584163 0 1769889334 212340
0 122 538763 0 1769889334 751112
0 123 528221 0 1769889335 279341
0 124 551057 0 1769889335 830406
0 125 542674 0 1769889336 373088
0 126 494047 0 1769889336 867143
0 127 522085 0 1769889337 389236
0 128 513235 0 1769889337 902479
0 129 518831 0 1769889338 421374
0 130 513123 0 1769889338 934505
0 131 539249 0 1769889339 473761
0 132 525668 0 1769889339 999438
0 133 502320 0 1769889340 501765
0 134 493419 0 1769889340 995193
0 135 522461 0 1769889341 517661
0 136 2039344 0 1769889343 557013
0 137 526617 0 1769889344 83639
0 138 538457 0 1769889344 622104
0 139 530749 0 1769889345 152868
0 140 524532 0 1769889345 677412
0 141 540765 0 1769889346 218186
0 142 535420 0 1769889346 753615
0 143 514933 0 1769889347 268556
0 144 525659 0 1769889347 794223
0 145 577214 0 1769889348 371445
0 146 491154 0 1769889348 862607
0 147 509193 0 1769889349 371808
0 148 478396 0 1769889349 850213
0 149 496374 0 1769889350 346599
0 150 516077 0 1769889350 862688
0 151 520104 0 1769889351 382801
0 152 508115 0 1769889351 890925
0 153 489235 0 1769889352 380168
0 154 505673 0 1769889352 885854
0 155 514651 0 1769889353 400513
0 156 2096129 0 1769889355 496650
0 157 549552 0 1769889356 46210
0 158 546345 0 1769889356 592563
0 159 531808 0 1769889357 124378
0 160 531043 0 1769889357 655429
0 161 551021 0 1769889358 206459
0 162 530000 0 1769889358 736467
0 163 517842 0 1769889359 254317
0 164 528378 0 1769889359 782703
0 165 583053 0 1769889360 365764
0 166 510851 0 1769889360 876623
0 167 504665 0 1769889361 381297
0 168 482357 0 1769889361 863662
0 169 503724 0 1769889362 367394
0 170 512123 0 1769889362 879525
0 171 520731 0 1769889363 400264
0 172 504358 0 1769889363 904629
0 173 504278 0 1769889364 408916
0 174 518492 0 1769889364 927415
0 175 514177 0 1769889365 441599
0 176 2034144 0 1769889367 475750
0 177 533915 0 1769889368 9674
0 178 540493 0 1769889368 550176
0 179 542522 0 1769889369 92706
0 180 530571 0 1769889369 623286
0 181 551386 0 1769889370 174680
0 182 537807 0 1769889370 712495
0 183 542710 0 1769889371 255213
0 184 552817 0 1769889371 808038
0 185 576914 0 1769889372 384960
0 186 496609 0 1769889372 881577
0 187 522650 0 1769889373 404235
0 188 510120 0 1769889373 914363
0 189 512062 0 1769889374 426432
0 190 492794 0 1769889374 919235
0 191 518051 0 1769889375 437293
0 192 510236 0 1769889375 947545
0 193 512789 0 1769889376 460347
0 194 485377 0 1769889376 945735
0 195 507408 0 1769889377 453152
0 196 2118798 0 1769889379 571962
0 197 529498 0 1769889380 101472
0 198 543442 0 1769889380 644928
0 199 536709 0 1769889381 181649
0 200 523601 0 1769889381 705258
0 201 518079 0 1769889382 223348
0 202 543628 0 1769889382 766989
0 203 538469 0 1769889383 305471
0 204 525294 0 1769889383 830777
0 205 591647 0 1769889384 422433
0 206 512456 0 1769889384 934900
0 207 513741 0 1769889385 448650
0 208 491824 0 1769889385 940487
0 209 530805 0 1769889386 471301
0 210 504828 0 1769889386 976141
0 211 510323 0 1769889387 486472
0 212 495590 0 1769889387 982076
0 213 524198 0 1769889388 506282
0 214 521232 0 1769889389 27525
0 215 507293 0 1769889389 534826
0 216 2040830 0 1769889391 575667
0 217 540143 0 1769889392 115823
0 218 546363 0 1769889392 662195
0 219 537908 0 1769889393 200116
0 220 525372 0 1769889393 725496
0 221 553049 0 1769889394 278555
0 222 533256 0 1769889394 811820
0 223 521743 0 1769889395 333572
0 224 551904 0 1769889395 885491
0 225 539273 0 1769889396 424777
0 226 486540 0 1769889396 911325
0 227 513385 0 1769889397 424718
0 228 506768 0 1769889397 931494
0 229 515970 0 1769889398 447472
0 230 497805 0 1769889398 945285
0 231 518950 0 1769889399 464242
0 232 509556 0 1769889399 973805
0 233 506711 0 1769889400 480525
0 234 506851 0 1769889400 987384
0 235 536895 0 1769889401 524286
0 236 2136384 0 1769889403 660679
0 237 530694 0 1769889404 191381
0 238 546135 0 1769889404 737529
0 239 538603 0 1769889405 276144
0 240 521171 0 1769889405 797330
0 241 565361 0 1769889406 362705
0 242 537529 0 1769889406 900248
0 243 528180 0 1769889407 428436
0 244 549632 0 1769889407 978084
0 245 535421 0 1769889408 513514
0 246 516998 0 1769889409 30521
0 247 487982 0 1769889409 518511
0 248 502555 0 1769889410 21075
0 249 529754 0 1769889410 550837
0 250 513466 0 1769889411 64311
0 251 521510 0 1769889411 585829
0 252 505146 0 1769889412 90982
0 253 521300 0 1769889412 612354
0 254 512560 0 1769889413 124922
0 255 520223 0 1769889413 645152
0 256 2030707 0 1769889415 675868
0 257 541511 0 1769889416 217388
0 258 528736 0 1769889416 746132
0 259 528468 0 1769889417 274608
0 260 543897 0 1769889417 818513
0 261 551040 0 1769889418 369561
0 262 520236 0 1769889418 889805
0 263 558217 0 1769889419 448031
0 264 527124 0 1769889419 975163
0 265 546036 0 1769889420 521208
0 266 508840 0 1769889421 30056
0 267 507144 0 1769889421 537209
0 268 513187 0 1769889422 50403
0 269 492840 0 1769889422 543252
0 270 514136 0 1769889423 57396
0 271 490495 0 1769889423 547899
0 272 498867 0 1769889424 46774
0 273 520158 0 1769889424 566940
0 274 516918 0 1769889425 83866
0 275 505992 0 1769889425 589866
0 276 2083941 0 1769889427 673815
0 277 549296 0 1769889428 223120
0 278 531132 0 1769889428 754259
0 279 524458 0 1769889429 278726
0 280 543765 0 1769889429 822499
0 281 543492 0 1769889430 365999
0 282 538525 0 1769889430 904532
0 283 551342 0 1769889431 455882
0 284 539318 0 1769889431 995212
0 285 563182 0 1769889432 558404
0 286 519252 0 1769889433 77664
0 287 538964 0 1769889433 616636
0 288 514528 0 1769889434 131172
0 289 506116 0 1769889434 637296
0 290 524629 0 1769889435 161933
0 291 511496 0 1769889435 673437
0 292 506809 0 1769889436 180254
0 293 490425 0 1769889436 670687
0 294 481143 0 1769889437 151838
0 295 516763 0 1769889437 668609
0 296 2040563 0 1769889439 709180
0 297 521115 0 1769889440 230303
0 298 528920 0 1769889440 759230
0 299 541544 0 1769889441 300785
0 300 530388 0 1769889441 831182
0 301 534441 0 1769889442 365632
0 302 540683 0 1769889442 906323
0 303 535993 0 1769889443 442325
0 304 525066 0 1769889443 967400
0 305 544078 0 1769889444 511485
0 306 503023 0 1769889445 14517
0 307 507161 0 1769889445 521686
0 308 487731 0 1769889446 9425
0 309 517036 0 1769889446 526470
0 310 508579 0 1769889447 35057
0 311 573517 0 1769889447 608582
0 312 502793 0 1769889448 111384
0 313 516047 0 1769889448 627439
0 314 528271 0 1769889449 155718
0 315 508041 0 1769889449 663782
0 316 2095272 0 1769889451 759062
0 317 539506 0 1769889452 298576
0 318 542204 0 1769889452 840790
0 319 806023 0 1769889453 646821
0 320 603384 0 1769889454 250214
0 321 614414 0 1769889454 864637
0 322 608251 0 1769889455 472895
0 323 587985 0 1769889456 60889
0 324 603512 0 1769889456 664414
0 325 602474 0 1769889457 266898
0 326 565089 0 1769889457 831996
0 327 569291 0 1769889458 401295
0 328 581593 0 1769889458 982897
0 329 573078 0 1769889459 555984
0 330 573908 0 1769889460 129901
0 331 588772 0 1769889460 718681
0 332 577602 0 1769889461 296296
0 333 562174 0 1769889461 858482
0 334 579071 0 1769889462 437567
0 335 565453 0 1769889463 3028
0 336 2101226 0 1769889465 104261
0 337 576679 0 1769889465 680949
0 338 615328 0 1769889466 296284
0 339 608282 0 1769889466 904575
0 340 582206 0 1769889467 486788
0 341 612475 0 1769889468 99272
0 342 593444 0 1769889468 692725
0 343 585805 0 1769889469 278538
0 344 609711 0 1769889469 888258
0 345 612372 0 1769889470 500639
0 346 564929 0 1769889471 65577
0 347 580133 0 1769889471 645719
0 348 570717 0 1769889472 216444
0 349 562635 0 1769889472 779087
0 350 577598 0 1769889473 356693
0 351 556171 0 1769889473 912871
0 352 571235 0 1769889474 484115
0 353 572302 0 1769889475 56432
0 354 556621 0 1769889475 613063
0 355 573146 0 1769889476 186222
0 356 2177155 0 1769889478 363393
0 357 593119 0 1769889478 956526
0 358 606073 0 1769889479 562607
0 359 595257 0 1769889480 157873
0 360 587633 0 1769889480 745514
0 361 623417 0 1769889481 368941
0 362 615264 0 1769889481 984216
0 363 590269 0 1769889482 574493
0 364 585082 0 1769889483 159583
0 365 593102 0 1769889483 752694
0 366 586511 0 1769889484 339214
0 367 565371 0 1769889484 904593
0 368 550078 0 1769889485 454679
0 369 567614 0 1769889486 22302
0 370 573289 0 1769889486 595599
0 371 568769 0 1769889487 164376
0 372 563135 0 1769889487 727519
0 373 583783 0 1769889488 311310
0 374 564984 0 1769889488 876302
0 375 557451 0 1769889489 433761
0 376 2110870 0 1769889491 544639
0 377 591222 0 1769889492 135868
0 378 609943 0 1769889492 745885
0 379 597876 0 1769889493 343769
0 380 580964 0 1769889493 924744
0 381 612689 0 1769889494 537442
0 382 589166 0 1769889495 126616
0 383 592424 0 1769889495 719048
0 384 601129 0 1769889496 320185
0 385 646291 0 1769889496 966484
0 386 580783 0 1769889497 547275
0 387 570174 0 1769889498 117456
0 388 559208 0 1769889498 676673
0 389 572265 0 1769889499 248946
0 390 587757 0 1769889499 836711
0 391 591940 0 1769889500 428659
0 392 559758 0 1769889500 988426
0 393 576556 0 1769889501 564989
0 394 573232 0 1769889502 138230
0 395 565701 0 1769889502 703939
0 396 2170837 0 1769889504 874788
0 397 591175 0 1769889505 465971
0 398 617979 0 1769889506 83958
0 399 600663 0 1769889506 684629
0 400 581560 0 1769889507 266197
0 401 616164 0 1769889507 882369
0 402 600564 0 1769889508 482940
0 403 578205 0 1769889509 61154
0 404 590660 0 1769889509 651822
0 405 601070 0 1769889510 252900
0 406 567585 0 1769889510 820494
0 407 550477 0 1769889511 370979
0 408 585973 0 1769889511 956961
0 409 555039 0 1769889512 512008
0 410 568185 0 1769889513 80201
0 411 580986 0 1769889513 661195
0 412 567185 0 1769889514 228388
0 413 567941 0 1769889514 796338
0 414 551615 0 1769889515 347961
0 415 580730 0 1769889515 928698
0 416 2111275 0 1769889518 39982
0 417 589276 0 1769889518 629266
0 418 596606 0 1769889519 225879
0 419 594890 0 1769889519 820778
0 420 571457 0 1769889520 392243
0 421 592316 0 1769889520 984567
0 422 596647 0 1769889521 581222
0 423 592907 0 1769889522 174137
0 424 588570 0 1769889522 762717
0 425 608804 0 1769889523 371536
0 426 555362 0 1769889523 926908
0 427 567443 0 1769889524 494364
0 428 579572 0 1769889525 73945
0 429 562036 0 1769889525 635989
0 430 560457 0 1769889526 196454
0 431 575203 0 1769889526 771665
0 432 560153 0 1769889527 331828
0 433 569138 0 1769889527 900976
0 434 582066 0 1769889528 483050
0 435 562024 0 1769889529 45083
0 436 2304949 0 1769889531 350040
0 437 620780 0 1769889531 970828
0 438 590349 0 1769889532 561185
0 439 573714 0 1769889533 134907
0 440 620242 0 1769889533 755157
0 441 589852 0 1769889534 345017
0 442 578913 0 1769889534 923938
0 443 618647 0 1769889535 542593
0 444 584503 0 1769889536 127104
0 445 604361 0 1769889536 731473
0 446 569710 0 1769889537 301192
0 447 575446 0 1769889537 876646
0 448 562308 0 1769889538 438961
0 449 585635 0 1769889539 24605
0 450 564314 0 1769889539 588927
0 451 567645 0 1769889540 156581
0 452 552574 0 1769889540 709163
0 453 563870 0 1769889541 273041
0 454 561658 0 1769889541 834711
0 455 565898 0 1769889542 400623
0 456 2256990 0 1769889544 657623
0 457 587649 0 1769889545 245283
0 458 581200 0 1769889545 826492
0 459 597013 0 1769889546 423515
0 460 571298 0 1769889546 994822
0 461 591676 0 1769889547 586507
0 462 609540 0 1769889548 196056
0 463 595343 0 1769889548 791408
0 464 589673 0 1769889549 381094
0 465 664308 0 1769889550 45414
0 466 578855 0 1769889550 624278
0 467 549703 0 1769889551 173990
0 468 592235 0 1769889551 766232
0 469 598679 0 1769889552 364920
0 470 562479 0 1769889552 927408
0 471 562820 0 1769889553 490236
0 472 576922 0 1769889554 67166
0 473 567785 0 1769889554 634964
0 474 580978 0 1769889555 215951
0 475 583699 0 1769889555 799658
0 476 2343359 0 1769889558 143025
0 477 612577 0 1769889558 755610
0 478 659266 0 1769889559 414885
0 479 543092 0 1769889559 957989
0 480 548450 0 1769889560 506447
0 481 554459 0 1769889561 60915
0 482 538778 0 1769889561 599701
0 483 528472 0 1769889562 128181
0 484 557104 0 1769889562 685293
0 485 537686 0 1769889563 222988
0 486 492635 0 1769889563 715631
0 487 514571 0 1769889564 230209
0 488 512447 0 1769889564 742667
0 489 478548 0 1769889565 221222
0 490 508850 0 1769889565 730080
0 491 513843 0 1769889566 243930
0 492 508411 0 1769889566 752350
0 493 508537 0 1769889567 260895
0 494 492556 0 1769889567 753459
0 495 514704 0 1769889568 268170
0 496 2205163 0 1769889570 473341
0 497 514851 0 1769889570 988201
0 498 535125 0 1769889571 523333
0 499 542236 0 1769889572 65578
0 500 520796 0 1769889572 586381
0 501 524253 0 1769889573 110643
0 502 537317 0 1769889573 648031
0 503 549417 0 1769889574 197456
0 504 536113 0 1769889574 733577
0 505 522464 0 1769889575 256049
0 506 518695 0 1769889575 774752
0 507 504164 0 1769889576 278925
0 508 514665 0 1769889576 793599
0 509 504467 0 1769889577 298074
0 510 527070 0 1769889577 825152
0 511 508342 0 1769889578 333504
0 512 498983 0 1769889578 832495
0 513 494836 0 1769889579 327339
0 514 521284 0 1769889579 848631
0 515 512417 0 1769889580 361056
0 516 2239483 0 1769889582 600547
0 517 514913 0 1769889583 115468
0 518 526193 0 1769889583 641669
0 519 552212 0 1769889584 193888
0 520 538001 0 1769889584 731901
0 521 533292 0 1769889585 265201
0 522 522355 0 1769889585 787564
0 523 541287 0 1769889586 328859
0 524 530086 0 1769889586 858954
0 525 555738 0 1769889587 414701
0 526 511967 0 1769889587 926676
0 527 508549 0 1769889588 435233
0 528 502523 0 1769889588 937764
0 529 497209 0 1769889589 434981
0 530 506848 0 1769889589 941842
0 531 507568 0 1769889590 449418
0 532 508970 0 1769889590 958397
0 533 489793 0 1769889591 448198
0 534 532827 0 1769889591 981033
0 535 506990 0 1769889592 488031
0 536 2185683 0 1769889594 673722
0 537 539162 0 1769889595 212897
0 538 511834 0 1769889595 724739
0 539 535990 0 1769889596 260738
0 540 533516 0 1769889596 794261
0 541 526563 0 1769889597 320833
0 542 515199 0 1769889597 836041
0 543 526114 0 1769889598 362163
0 544 548112 0 1769889598 910283
0 545 585668 0 1769889599 495959
0 546 489952 0 1769889599 985924
0 547 540400 0 1769889600 526332
0 548 510517 0 1769889601 36859
0 549 518053 0 1769889601 554920
0 550 489129 0 1769889602 44057
0 551 530068 0 1769889602 574134
0 552 512023 0 1769889603 86165
0 553 511268 0 1769889603 597441
0 554 502622 0 1769889604 100071
0 555 526791 0 1769889604 626871
0 556 2251112 0 1769889606 877991
0 557 524507 0 1769889607 402508
0 558 531758 0 1769889607 934275
0 559 549600 0 1769889608 483883
0 560 515933 0 1769889608 999823
0 561 533291 0 1769889609 533123
0 562 547604 0 1769889610 80735
0 563 539937 0 1769889610 620679
0 564 516127 0 1769889611 136815
0 565 531169 0 1769889611 667992
0 566 514067 0 1769889612 182067
0 567 500734 0 1769889612 682810
0 568 501538 0 1769889613 184357
0 569 481103 0 1769889613 665474
0 570 518829 0 1769889614 184312
0 571 509027 0 1769889614 693347
0 572 506810 0 1769889615 200165
0 573 514001 0 1769889615 714180
0 574 516880 0 1769889616 231073
0 575 508422 0 1769889616 739503
0 576 2176366 0 1769889618 915880
0 577 526186 0 1769889619 442077
0 578 555894 0 1769889619 997983
0 579 533913 0 1769889620 531908
0 580 517890 0 1769889621 49810
0 581 547682 0 1769889621 597501
0 582 528083 0 1769889622 125596
0 583 523098 0 1769889622 648702
0 584 543420 0 1769889623 192136
0 585 544967 0 1769889623 737112
0 586 485506 0 1769889624 222629
0 587 487399 0 1769889624 710037
0 588 479527 0 1769889625 189580
0 589 505803 0 1769889625 695393
0 590 527606 0 1769889626 223010
0 591 482547 0 1769889626 705565
0 592 479342 0 1769889627 184920
0 593 501188 0 1769889627 686116
0 594 521417 0 1769889628 207548
0 595 510404 0 1769889628 717960
0 596 2246381 0 1769889630 964353
0 597 527242 0 1769889631 491608
0 598 555255 0 1769889632 46875
0 599 531569 0 1769889632 578452
0 600 528210 0 1769889633 106677
0 601 560564 0 1769889633 667252
0 602 535128 0 1769889634 202392
0 603 528180 0 1769889634 730581
0 604 548607 0 1769889635 279204
0 605 542230 0 1769889635 821447
0 606 486459 0 1769889636 307915
0 607 523706 0 1769889636 831632
0 608 507319 0 1769889637 338959
0 609 512708 0 1769889637 851680
0 610 486562 0 1769889638 338257
0 611 484385 0 1769889638 822655
0 612 471351 0 1769889639 294014
0 613 488936 0 1769889639 782962
0 614 518990 0 1769889640 301966
0 615 510944 0 1769889640 812923
0 616 2021975 0 1769889642 834906
0 617 517021 0 1769889643 351943
0 618 528357 0 1769889643 880308
0 619 544939 0 1769889644 425255
0 620 533604 0 1769889644 958874
0 621 526705 0 1769889645 485592
0 622 541712 0 1769889646 27318
0 623 532095 0 1769889646 559422
0 624 528006 0 1769889647 87440
0 625 571203 0 1769889647 658652
0 626 518319 0 1769889648 177050
0 627 514157 0 1769889648 691216
0 628 507988 0 1769889649 199216
0 629 508231 0 1769889649 707455
0 630 519793 0 1769889650 227258
0 631 515634 0 1769889650 742904
0 632 508252 0 1769889651 251164
0 633 509972 0 1769889651 761145
0 634 529119 0 1769889652 290272
0 635 514200 0 1769889652 804481
0 636 2101552 0 1769889654 906041
0 637 539520 0 1769889655 445570
0 638 548275 0 1769889655 993853
0 639 539886 0 1769889656 533747
0 640 525845 0 1769889657 59600
0 641 555343 0 1769889657 614951
0 642 533930 0 1769889658 148891
0 643 517825 0 1769889658 666724
0 644 510880 0 1769889659 177613
0 645 536384 0 1769889659 714005
0 646 512687 0 1769889660 226700
0 647 488465 0 1769889660 715174
0 648 499667 0 1769889661 214849
0 649 482234 0 1769889661 697091
0 650 521246 0 1769889662 218345
0 651 522174 0 1769889662 740527
0 652 493232 0 1769889663 233768
0 653 497488 0 1769889663 731263
0 654 521687 0 1769889664 252959
0 655 483120 0 1769889664 736087
0 656 2044592 0 1769889666 780686
0 657 542125 0 1769889667 322820
0 658 529435 0 1769889667 852263
0 659 515065 0 1769889668 367335
0 660 524789 0 1769889668 892133
0 661 542508 0 1769889669 434648
0 662 524106 0 1769889669 958763
0 663 542443 0 1769889670 501214
0 664 511277 0 1769889671 12498
0 665 545693 0 1769889671 558200
0 666 517129 0 1769889672 75336
0 667 511489 0 1769889672 586834
0 668 506708 0 1769889673 93550
0 669 509597 0 1769889673 603156
0 670 514935 0 1769889674 118099
0 671 512504 0 1769889674 630611
0 672 510601 0 1769889675 141226
0 673 500273 0 1769889675 641515
0 674 513034 0 1769889676 154562
0 675 511483 0 1769889676 666053
0 676 2084960 0 1769889678 751025
0 677 553568 0 1769889679 304607
0 678 550788 0 1769889679 855408
0 679 523769 0 1769889680 379186
0 680 529380 0 1769889680 908580
0 681 539739 0 1769889681 448327
0 682 527825 0 1769889681 976168
0 683 548546 0 1769889682 524723
0 684 546508 0 1769889683 71238
0 685 552604 0 1769889683 623851
0 686 488280 0 1769889684 112139
0 687 525363 0 1769889684 637510
0 688 499511 0 1769889685 137036
0 689 505457 0 1769889685 642500
0 690 507788 0 1769889686 150297
0 691 524482 0 1769889686 674787
0 692 517648 0 1769889687 192443
0 693 505939 0 1769889687 698390
0 694 506143 0 1769889688 204541
0 695 524820 0 1769889688 729376
0 696 2022377 0 1769889690 751761
0 697 531153 0 1769889691 282922
0 698 547173 0 1769889691 830103
0 699 530354 0 1769889692 360465
0 700 520983 0 1769889692 881456
0 701 510520 0 1769889693 391992
0 702 553138 0 1769889693 945143
0 703 544884 0 1769889694 490045
0 704 528247 0 1769889695 18306
0 705 543456 0 1769889695 561770
0 706 504728 0 1769889696 66506
0 707 505550 0 1769889696 572065
0 708 557797 0 1769889697 129869
0 709 527524 0 1769889697 657402
0 710 513852 0 1769889698 171262
0 711 514636 0 1769889698 685913
0 712 499648 0 1769889699 185571
0 713 522531 0 1769889699 708109
0 714 521655 0 1769889700 229772
0 715 517998 0 1769889700 747778
0 716 2103905 0 1769889702 851693
0 717 557406 0 1769889703 409109
0 718 537571 0 1769889703 946695
0 719 531535 0 1769889704 478238
0 720 555876 0 1769889705 34122
0 721 545755 0 1769889705 579885
0 722 546645 0 1769889706 126539
0 723 538984 0 1769889706 665531
0 724 520244 0 1769889707 185784
0 725 535412 0 1769889707 721204
0 726 480981 0 1769889708 202193
0 727 483706 0 1769889708 685912
0 728 516262 0 1769889709 202186
0 729 528172 0 1769889709 730365
0 730 485522 0 1769889710 215896
0 731 498080 0 1769889710 713984
0 732 487351 0 1769889711 201347
0 733 530274 0 1769889711 731630
0 734 511157 0 1769889712 242795
0 735 509426 0 1769889712 752228
0 736 2034092 0 1769889714 786329
0 737 555132 0 1769889715 341470
0 738 538315 0 1769889715 879793
0 739 524367 0 1769889716 404167
0 740 542766 0 1769889716 946940
0 741 536694 0 1769889717 483643
0 742 525944 0 1769889718 9595
0 743 545359 0 1769889718 554968
0 744 532982 0 1769889719 87958
0 745 538000 0 1769889719 625966
0 746 518926 0 1769889720 144900
0 747 489184 0 1769889720 634092
0 748 499689 0 1769889721 133788
0 749 535193 0 1769889721 668989
0 750 512021 0 1769889722 181077
0 751 502434 0 1769889722 683519
0 752 507647 0 1769889723 191174
0 753 522536 0 1769889723 713718
0 754 526350 0 1769889724 240076
0 755 521574 0 1769889724 761665
0 756 2090240 0 1769889726 851916
0 757 539562 0 1769889727 391493
0 758 534723 0 1769889727 926228
0 759 540164 0 1769889728 466400
0 760 516667 0 1769889728 983084
0 761 551591 0 1769889729 534683
0 762 529247 0 1769889730 63942
0 763 525852 0 1769889730 589802
0 764 535018 0 1769889731 124834
0 765 540632 0 1769889731 665476
0 766 512932 0 1769889732 178417
0 767 511175 0 1769889732 689600
0 768 507289 0 1769889733 196897
0 769 502660 0 1769889733 699565
0 770 532046 0 1769889734 231619
0 771 514081 0 1769889734 745708
0 772 511419 0 1769889735 257135
0 773 501497 0 1769889735 758640
0 774 514506 0 1769889736 273154
0 775 513694 0 1769889736 786860
0 776 2024606 0 1769889738 811475
0 777 536110 0 1769889739 347594
0 778 524159 0 1769889739 871760
0 779 510434 0 1769889740 382202
0 780 548297 0 1769889740 930508
0 781 548623 0 1769889741 479141
0 782 523754 0 1769889742 2902
0 783 547509 0 1769889742 550419
0 784 533234 0 1769889743 83662
0 785 532540 0 1769889743 616210
0 786 518590 0 1769889744 134808
0 787 508244 0 1769889744 643060
0 788 501162 0 1769889745 144230
0 789 523477 0 1769889745 667717
0 790 567997 0 1769889746 235742
0 791 507804 0 1769889746 743554
0 792 517279 0 1769889747 260841
0 793 504756 0 1769889747 765605
0 794 514735 0 1769889748 280348
0 795 526729 0 1769889748 807085
0 796 2091426 0 1769889750 898519
0 797 531114 0 1769889751 429641
0 798 553549 0 1769889751 983198
0 799 534115 0 1769889752 517321
0 800 525196 0 1769889753 42525
0 801 890295 0 1769889753 932828
0 802 611044 0 1769889754 543880
0 803 614749 0 1769889755 158638
0 804 582233 0 1769889755 740879
0 805 590072 0 1769889756 330959
0 806 570010 0 1769889756 900977
0 807 575108 0 1769889757 476093
0 808 554497 0 1769889758 30598
0 809 575234 0 1769889758 605840
0 810 561441 0 1769889759 167291
0 811 550494 0 1769889759 717794
0 812 570857 0 1769889760 288660
0 813 556854 0 1769889760 845522
0 814 563381 0 1769889761 408911
0 815 557238 0 1769889761 966156
0 816 2108721 0 1769889764 74886
0 817 604155 0 1769889764 679049
0 818 601075 0 1769889765 280131
0 819 572999 0 1769889765 853139
0 820 586935 0 1769889766 440082
0 821 607240 0 1769889767 47334
0 822 589801 0 1769889767 637150
0 823 571582 0 1769889768 208744
0 824 606865 0 1769889768 815617
0 825 635785 0 1769889769 451411
0 826 548737 0 1769889770 155
0 827 566518 0 1769889770 566681
0 828 576278 0 1769889771 142968
0 829 579981 0 1769889771 722964
0 830 552549 0 1769889772 275526
0 831 569372 0 1769889772 844908
0 832 576967 0 1769889773 421883
0 833 580956 0 1769889774 2847
0 834 558463 0 1769889774 561325
0 835 573811 0 1769889775 135147
0 836 2165159 0 1769889777 300313
0 837 585109 0 1769889777 885433
0 838 613389 0 1769889778 498830
0 839 602201 0 1769889779 101039
0 840 586871 0 1769889779 687925
0 841 621222 0 1769889780 309156
0 842 591677 0 1769889780 900842
0 843 597917 0 1769889781 498768
0 844 601069 0 1769889782 99851
0 845 627175 0 1769889782 727035
0 846 571377 0 1769889783 298420
0 847 566374 0 1769889783 864805
0 848 562357 0 1769889784 427170
0 849 587578 0 1769889785 14764
0 850 566554 0 1769889785 581326
0 851 565171 0 1769889786 146505
0 852 549262 0 1769889786 695775
0 853 577741 0 1769889787 273524
0 854 567972 0 1769889787 841503
0 855 578932 0 1769889788 420443
0 856 2106955 0 1769889790 527406
0 857 586115 0 1769889791 113531
0 858 590093 0 1769889791 703632
0 859 611452 0 1769889792 315092
0 860 590858 0 1769889792 905958
0 861 595717 0 1769889793 501683
0 862 597675 0 1769889794 99365
0 863 598080 0 1769889794 697454
0 864 596209 0 1769889795 293671
0 865 578267 0 1769889795 871946
0 866 543205 0 1769889796 415158
0 867 580582 0 1769889796 995749
0 868 560714 0 1769889797 556471
0 869 555452 0 1769889798 111931
0 870 575444 0 1769889798 687382
0 871 560365 0 1769889799 247761
0 872 565726 0 1769889799 813502
0 873 637439 0 1769889800 450951
0 874 587955 0 1769889801 38914
0 875 556394 0 1769889801 595383
0 876 2171745 0 1769889803 767137
0 877 613324 0 1769889804 380470
0 878 600490 0 1769889804 980975
0 879 581968 0 1769889805 562952
0 880 612551 0 1769889806 175511
0 881 598424 0 1769889806 773943
0 882 580681 0 1769889807 354632
0 883 618635 0 1769889807 973275
0 884 599986 0 1769889808 573268
0 885 612752 0 1769889809 186029
0 886 546176 0 1769889809 732213
0 887 566697 0 1769889810 298918
0 888 571021 0 1769889810 869947
0 889 566457 0 1769889811 436412
0 890 553305 0 1769889811 989724
0 891 564147 0 1769889812 553882
0 892 567294 0 1769889813 121184
0 893 559652 0 1769889813 680844
0 894 588177 0 1769889814 269029
0 895 568436 0 1769889814 837474
0 896 2096049 0 1769889816 933539
0 897 590597 0 1769889817 524150
0 898 607582 0 1769889818 131742
0 899 578743 0 1769889818 710493
0 900 583136 0 1769889819 293637
0 901 570125 0 1769889819 863772
0 902 602239 0 1769889820 466026
0 903 590482 0 1769889821 56517
0 904 579905 0 1769889821 636431
0 905 628567 0 1769889822 265006
0 906 555588 0 1769889822 820605
0 907 556480 0 1769889823 377093
0 908 543588 0 1769889823 920690
0 909 574568 0 1769889824 495266
0 910 561566 0 1769889825 56846
0 911 573543 0 1769889825 630403
0 912 573628 0 1769889826 204041
0 913 562774 0 1769889826 766823
0 914 562113 0 1769889827 328945
0 915 586293 0 1769889827 915251
0 916 2161659 0 1769889830 76918
0 917 609741 0 1769889830 686667
0 918 604099 0 1769889831 290775
0 919 598454 0 1769889831 889239
0 920 576114 0 1769889832 465361
0 921 598091 0 1769889833 63460
0 922 568799 0 1769889833 632267
0 923 606641 0 1769889834 238916
0 924 595742 0 1769889834 834666
0 925 615846 0 1769889835 450520
0 926 578753 0 1769889836 29281
0 927 562816 0 1769889836 592105
0 928 563124 0 1769889837 155243
0 929 579605 0 1769889837 734860
0 930 549850 0 1769889838 284724
0 931 551079 0 1769889838 835811
0 932 566935 0 1769889839 402753
0 933 575717 0 1769889839 978477
0 934 563969 0 1769889840 542455
0 935 571535 0 1769889841 113998
0 936 2115712 0 1769889843 229718
0 937 597028 0 1769889843 826755
0 938 604631 0 1769889844 431394
0 939 595734 0 1769889845 27136
0 940 574147 0 1769889845 601291
0 941 614954 0 1769889846 216260
0 942 592854 0 1769889846 809121
0 943 578153 0 1769889847 387283
0 944 599929 0 1769889847 987220
0 945 594291 0 1769889848 581519
0 946 560348 0 1769889849 141875
0 947 551297 0 1769889849 693180
0 948 578844 0 1769889850 272036
0 949 560330 0 1769889850 832374
0 950 552760 0 1769889851 385143
0 951 553644 0 1769889851 938796
0 952 566269 0 1769889852 505074
0 953 552107 0 1769889853 57189
0 954 563540 0 1769889853 620738
0 955 629284 0 1769889854 250030
0 956 2164036 0 1769889856 414074
0 957 574968 0 1769889856 989050
0 958 597042 0 1769889857 586100
0 959 548805 0 1769889858 134913
0 960 528052 0 1769889858 662973
0 961 555154 0 1769889859 218135
0 962 538341 0 1769889859 756484
0 963 545678 0 1769889860 302170
0 964 545129 0 1769889860 847307
0 965 533022 0 1769889861 380337
0 966 483011 0 1769889861 863357
0 967 512807 0 1769889862 376172
0 968 505629 0 1769889862 881810
0 969 512122 0 1769889863 393940
0 970 497736 0 1769889863 891692
0 971 520352 0 1769889864 412053
0 972 515919 0 1769889864 927984
0 973 504046 0 1769889865 432038
0 974 497984 0 1769889865 930030
0 975 488919 0 1769889866 418958
0 976 2053704 0 1769889868 472670
0 977 529200 0 1769889869 1880
0 978 544319 0 1769889869 546207
0 979 533117 0 1769889870 79332
0 980 526085 0 1769889870 605426
0 981 549436 0 1769889871 154870
0 982 538575 0 1769889871 693453
0 983 521781 0 1769889872 215242
0 984 542602 0 1769889872 757852
0 985 559025 0 1769889873 316885
0 986 492549 0 1769889873 809442
0 987 512317 0 1769889874 321767
0 988 506159 0 1769889874 827937
0 989 534151 0 1769889875 362096
0 990 495711 0 1769889875 857819
0 991 510722 0 1769889876 368549
0 992 488728 0 1769889876 857285
0 993 497315 0 1769889877 354608
0 994 523026 0 1769889877 877642
0 995 505290 0 1769889878 382939
0 996 2094264 0 1769889880 477212
0 997 532030 0 1769889881 9249
0 998 545565 0 1769889881 554823
0 999 537925 0 1769889882 92817
0 1000 520484 0 1769889882 613309
