0 1 1306966 0 1769877197 551465
0 2 563306 0 1769877198 114785
0 3 541432 0 1769877198 656224
0 4 573632 0 1769877199 229865
0 5 556959 0 1769877199 786832
0 6 539926 0 1769877200 326766
0 7 565164 0 1769877200 891941
0 8 546195 0 1769877201 438144
0 9 545381 0 1769877201 983533
0 10 534027 0 1769877202 517569
0 11 569327 0 1769877203 86905
0 12 538025 0 1769877203 624938
0 13 542340 0 1769877204 167287
0 14 557571 0 1769877204 724866
0 15 548206 0 1769877205 273080
0 16 544046 0 1769877205 817134
0 17 531719 0 1769877206 348861
0 18 543453 0 1769877206 892323
0 19 554228 0 1769877207 446559
0 20 554490 0 1769877208 1056
0 21 559246 0 1769877208 560311
0 22 560636 0 1769877209 120956
0 23 543209 0 1769877209 664174
0 24 542892 0 1769877210 207074
0 25 552836 0 1769877210 759918
0 26 520981 0 1769877211 280907
0 27 564852 0 1769877211 845767
0 28 564624 0 1769877212 410399
0 29 532630 0 1769877212 943037
0 30 532385 0 1769877213 475430
0 31 533716 0 1769877214 9153
0 32 566333 0 1769877214 575495
0 33 571082 0 1769877215 146586
0 34 558852 0 1769877215 705447
0 35 545943 0 1769877216 251401
0 36 569025 0 1769877216 820434
0 37 553887 0 1769877217 374329
0 38 539815 0 1769877217 914153
0 39 562180 0 1769877218 476341
0 40 549149 0 1769877219 25499
0 41 540905 0 1769877219 566412
0 42 564433 0 1769877220 130853
0 43 549248 0 1769877220 680109
0 44 537017 0 1769877221 217134
0 45 545316 0 1769877221 762458
0 46 557996 0 1769877222 320462
0 47 560306 0 1769877222 880776
0 48 560273 0 1769877223 441059
0 49 578246 0 1769877224 19313
0 50 540946 0 1769877224 560267
0 51 557810 0 1769877225 118085
0 52 570223 0 1769877225 688316
0 53 581000 0 1769877226 269324
0 54 545396 0 1769877226 814734
0 55 570116 0 1769877227 384859
0 56 549388 0 1769877227 934256
0 57 529500 0 1769877228 463764
0 58 550839 0 1769877229 14610
0 59 553848 0 1769877229 568467
0 60 551731 0 1769877230 120206
0 61 548415 0 1769877230 668629
0 62 559561 0 1769877231 228198
0 63 549081 0 1769877231 777286
0 64 538480 0 1769877232 315775
0 65 556475 0 1769877232 872258
0 66 551490 0 1769877233 423756
0 67 518412 0 1769877233 942177
0 68 559489 0 1769877234 501673
0 69 560805 0 1769877235 62487
0 70 538238 0 1769877235 600732
0 71 549393 0 1769877236 150134
0 72 567420 0 1769877236 717567
0 73 554087 0 1769877237 271662
0 74 528553 0 1769877237 800223
0 75 559129 0 1769877238 359360
0 76 557541 0 1769877238 916910
0 77 536913 0 1769877239 453832
0 78 557193 0 1769877240 11039
0 79 552902 0 1769877240 563950
0 80 544988 0 1769877241 108955
0 81 541792 0 1769877241 650757
0 82 514397 0 1769877242 165165
0 83 567484 0 1769877242 732657
0 84 525562 0 1769877243 258229
0 85 550422 0 1769877243 808659
0 86 559724 0 1769877244 368393
0 87 537989 0 1769877244 906394
0 88 545380 0 1769877245 451782
0 89 560975 0 1769877246 12773
0 90 546873 0 1769877246 559657
0 91 553970 0 1769877247 113639
0 92 560452 0 1769877247 674100
0 93 547852 0 1769877248 221961
0 94 538656 0 1769877248 760626
0 95 560909 0 1769877249 321546
0 96 538705 0 1769877249 860262
0 97 544043 0 1769877250 404313
0 98 565100 0 1769877250 969431
0 99 549229 0 1769877251 518670
0 100 529816 0 1769877252 48496
0 101 527248 0 1769877252 575752
0 102 548693 0 1769877253 124458
0 103 562774 0 1769877253 687240
0 104 546279 0 1769877254 233529
0 105 540396 0 1769877254 773933
0 106 553900 0 1769877255 327843
0 107 505972 0 1769877255 833826
0 108 481550 0 1769877256 315390
0 109 482668 0 1769877256 798069
0 110 497871 0 1769877257 295948
0 111 491139 0 1769877257 787097
0 112 502502 0 1769877258 289608
0 113 473190 0 1769877258 762807
0 114 484773 0 1769877259 247589
0 115 509814 0 1769877259 757411
0 116 488615 0 1769877260 246036
0 117 486791 0 1769877260 732835
0 118 479558 0 1769877261 212407
0 119 467976 0 1769877261 680392
0 120 492704 0 1769877262 173106
0 121 544578 0 1769877262 717692
0 122 493531 0 1769877263 211237
0 123 489812 0 1769877263 701057
0 124 476161 0 1769877264 177226
0 125 500667 0 1769877264 677901
0 126 487368 0 1769877265 165277
0 127 490269 0 1769877265 655553
0 128 497900 0 1769877266 153462
0 129 473033 0 1769877266 626580
0 130 502603 0 1769877267 129192
0 131 481801 0 1769877267 611002
0 132 505283 0 1769877268 116294
0 133 500668 0 1769877268 616969
0 134 482703 0 1769877269 99681
0 135 487474 0 1769877269 587163
0 136 485767 0 1769877270 72939
0 137 478811 0 1769877270 551758
0 138 505778 0 1769877271 57544
0 139 462405 0 1769877271 519958
0 140 485532 0 1769877272 5499
0 141 516570 0 1769877272 522077
0 142 468585 0 1769877272 990669
0 143 481027 0 1769877273 471705
0 144 489764 0 1769877273 961477
0 145 492055 0 1769877274 453541
0 146 462803 0 1769877274 916353
0 147 465104 0 1769877275 381465
0 148 469405 0 1769877275 850879
0 149 481961 0 1769877276 332849
0 150 486541 0 1769877276 819398
0 151 496240 0 1769877277 315647
0 152 495189 0 1769877277 810844
0 153 468304 0 1769877278 279157
0 154 485376 0 1769877278 764541
0 155 502609 0 1769877279 267157
0 156 486149 0 1769877279 753314
0 157 507450 0 1769877280 260773
0 158 472759 0 1769877280 733541
0 159 495442 0 1769877281 228991
0 160 483920 0 1769877281 712919
0 161 487230 0 1769877282 200158
0 162 491937 0 1769877282 692103
0 163 474858 0 1769877283 166969
0 164 471956 0 1769877283 638933
0 165 504803 0 1769877284 143744
0 166 486009 0 1769877284 629762
0 167 482079 0 1769877285 111849
0 168 478526 0 1769877285 590384
0 169 492029 0 1769877286 82421
0 170 491938 0 1769877286 574368
0 171 499389 0 1769877287 73765
0 172 475039 0 1769877287 548813
0 173 492403 0 1769877288 41226
0 174 474312 0 1769877288 515546
0 175 501194 0 1769877289 16749
0 176 492283 0 1769877289 509041
0 177 495567 0 1769877290 4615
0 178 474248 0 1769877290 478872
0 179 465674 0 1769877290 944554
0 180 486950 0 1769877291 431512
0 181 492267 0 1769877291 923787
0 182 486320 0 1769877292 410115
0 183 508955 0 1769877292 919078
0 184 478171 0 1769877293 397257
0 185 499558 0 1769877293 896823
0 186 484679 0 1769877294 381510
0 187 490896 0 1769877294 872422
0 188 481065 0 1769877295 353496
0 189 486778 0 1769877295 840288
0 190 508021 0 1769877296 348325
0 191 481922 0 1769877296 830261
0 192 481841 0 1769877297 312109
0 193 469229 0 1769877297 781348
0 194 480601 0 1769877298 261958
0 195 498863 0 1769877298 760829
0 196 493106 0 1769877299 253948
0 197 491048 0 1769877299 745004
0 198 479601 0 1769877300 224613
0 199 480968 0 1769877300 705590
0 200 494460 0 1769877301 200057
0 201 488631 0 1769877301 688697
0 202 484256 0 1769877302 172961
0 203 502624 0 1769877302 675593
0 204 475934 0 1769877303 151535
0 205 487865 0 1769877303 639408
0 206 482671 0 1769877304 122087
0 207 486197 0 1769877304 608291
0 208 488849 0 1769877305 97149
0 209 490341 0 1769877305 587498
0 210 513128 0 1769877306 100634
0 211 483989 0 1769877306 584630
0 212 494561 0 1769877307 79200
0 213 479275 0 1769877307 558483
0 214 478581 0 1769877308 37072
0 215 498768 0 1769877308 535848
0 216 486876 0 1769877309 22732
0 217 489185 0 1769877309 511925
0 218 499815 0 1769877310 11748
0 219 477836 0 1769877310 489592
0 220 496273 0 1769877310 985872
0 221 494621 0 1769877311 480502
0 222 486044 0 1769877311 966563
0 223 501412 0 1769877312 467984
0 224 488166 0 1769877312 956161
0 225 488752 0 1769877313 444922
0 226 480941 0 1769877313 925872
0 227 477321 0 1769877314 403207
0 228 502543 0 1769877314 905761
0 229 487589 0 1769877315 393358
0 230 477057 0 1769877315 870424
0 231 490177 0 1769877316 360610
0 232 466790 0 1769877316 827415
0 233 502438 0 1769877317 329861
0 234 477442 0 1769877317 807311
0 235 499437 0 1769877318 306756
0 236 498145 0 1769877318 804909
0 237 483968 0 1769877319 288885
0 238 489551 0 1769877319 778452
0 239 480931 0 1769877320 259391
0 240 485153 0 1769877320 744553
0 241 509875 0 1769877321 254436
0 242 490408 0 1769877321 744852
0 243 477345 0 1769877322 222206
0 244 480483 0 1769877322 702697
0 245 509436 0 1769877323 212141
0 246 490622 0 1769877323 702771
0 247 488616 0 1769877324 191396
0 248 474180 0 1769877324 665584
0 249 478826 0 1769877325 144418
0 250 493468 0 1769877325 637894
0 251 506938 0 1769877326 144840
0 252 470056 0 1769877326 614905
0 253 494255 0 1769877327 109168
0 254 497527 0 1769877327 606781
0 255 492389 0 1769877328 99178
0 256 486148 0 1769877328 585334
0 257 488555 0 1769877329 73898
0 258 476783 0 1769877329 550689
0 259 509466 0 1769877330 60168
0 260 492769 0 1769877330 552945
0 261 501757 0 1769877331 54711
0 262 475268 0 1769877331 529988
0 263 509560 0 1769877332 39564
0 264 490410 0 1769877332 529983
0 265 482942 0 1769877333 12933
0 266 480563 0 1769877333 493505
0 267 467171 0 1769877333 960686
0 268 476275 0 1769877334 436970
0 269 496723 0 1769877334 933702
0 270 481636 0 1769877335 415346
0 271 492051 0 1769877335 907406
0 272 482347 0 1769877336 389762
0 273 480337 0 1769877336 870116
0 274 488233 0 1769877337 358358
0 275 491235 0 1769877337 849602
0 276 488933 0 1769877338 338543
0 277 486293 0 1769877338 824845
0 278 474157 0 1769877339 299010
0 279 497781 0 1769877339 796799
0 280 489811 0 1769877340 286619
0 281 494616 0 1769877340 781244
0 282 462261 0 1769877341 243513
0 283 484709 0 1769877341 728230
0 284 501465 0 1769877342 229710
0 285 485675 0 1769877342 715394
0 286 487128 0 1769877343 202530
0 287 511924 0 1769877343 714461
0 288 473988 0 1769877344 188464
0 289 495770 0 1769877344 684249
0 290 481911 0 1769877345 166171
0 291 483775 0 1769877345 649955
0 292 493503 0 1769877346 143466
0 293 468023 0 1769877346 611498
0 294 490327 0 1769877347 101836
0 295 490014 0 1769877347 591859
0 296 467518 0 1769877348 59386
0 297 489966 0 1769877348 549360
0 298 496665 0 1769877349 46033
0 299 488634 0 1769877349 534675
0 300 498673 0 1769877350 33359
0 301 486385 0 1769877350 519751
0 302 496914 0 1769877351 16674
0 303 512734 0 1769877351 529422
0 304 499322 0 1769877352 28753
0 305 479179 0 1769877352 507941
0 306 480573 0 1769877352 988528
0 307 467476 0 1769877353 456012
0 308 501611 0 1769877353 957631
0 309 496971 0 1769877354 454611
0 310 492945 0 1769877354 947566
0 311 465207 0 1769877355 412781
0 312 479426 0 1769877355 892216
0 313 517590 0 1769877356 409813
0 314 484995 0 1769877356 894817
0 315 474055 0 1769877357 368879
0 316 474002 0 1769877357 842890
0 317 498363 0 1769877358 341262
0 318 489552 0 1769877358 830822
0 319 490389 0 1769877359 321219
0 320 482240 0 1769877359 803467
0 321 490264 0 1769877360 293739
0 322 477440 0 1769877360 771188
0 323 496296 0 1769877361 267491
0 324 487658 0 1769877361 755158
0 325 491760 0 1769877362 246932
0 326 467588 0 1769877362 714528
0 327 482577 0 1769877363 197120
0 328 490383 0 1769877363 687512
0 329 494555 0 1769877364 182077
0 330 482552 0 1769877364 664638
0 331 473108 0 1769877365 137763
0 332 477191 0 1769877365 614962
0 333 512216 0 1769877366 127193
0 334 481857 0 1769877366 609059
0 335 488599 0 1769877367 97669
0 336 492244 0 1769877367 589922
0 337 496057 0 1769877368 85988
0 338 486236 0 1769877368 572232
0 339 506770 0 1769877369 79011
0 340 474239 0 1769877369 553258
0 341 499624 0 1769877370 52898
0 342 490468 0 1769877370 543379
0 343 497899 0 1769877371 41287
0 344 482487 0 1769877371 523781
0 345 480787 0 1769877372 4577
0 346 499626 0 1769877372 504211
0 347 488953 0 1769877372 993173
0 348 492017 0 1769877373 485198
0 349 492820 0 1769877373 978026
0 350 499620 0 1769877374 477654
0 351 499480 0 1769877374 977141
0 352 488774 0 1769877375 465923
0 353 497111 0 1769877375 963048
0 354 501387 0 1769877376 464444
0 355 496687 0 1769877376 961139
0 356 489011 0 1769877377 450158
0 357 497620 0 1769877377 947787
0 358 488661 0 1769877378 436456
0 359 492114 0 1769877378 928579
0 360 497608 0 1769877379 426196
0 361 501236 0 1769877379 927440
0 362 474314 0 1769877380 401763
0 363 490551 0 1769877380 892322
0 364 498238 0 1769877381 390568
0 365 485419 0 1769877381 875995
0 366 487841 0 1769877382 363844
0 367 501944 0 1769877382 865797
0 368 487867 0 1769877383 353676
0 369 492753 0 1769877383 846436
0 370 486209 0 1769877384 332653
0 371 484064 0 1769877384 816726
0 372 513001 0 1769877385 329735
0 373 467076 0 1769877385 796820
0 374 500029 0 1769877386 296857
0 375 499236 0 1769877386 796101
0 376 488893 0 1769877387 285002
0 377 468990 0 1769877387 754000
0 378 461594 0 1769877388 215602
0 379 460825 0 1769877388 676497
0 380 492497 0 1769877389 169002
0 381 461353 0 1769877389 630363
0 382 499436 0 1769877390 129806
0 383 468501 0 1769877390 598316
0 384 482467 0 1769877391 80791
0 385 492105 0 1769877391 572905
0 386 495855 0 1769877392 68768
0 387 490258 0 1769877392 559034
0 388 494416 0 1769877393 53458
0 389 477652 0 1769877393 531119
0 390 502736 0 1769877394 33863
0 391 505344 0 1769877394 539215
0 392 484863 0 1769877395 24087
0 393 497431 0 1769877395 521527
0 394 508785 0 1769877396 30319
0 395 475375 0 1769877396 505703
0 396 501291 0 1769877397 7009
0 397 486946 0 1769877397 493964
0 398 470763 0 1769877397 964735
0 399 483932 0 1769877398 448675
0 400 507280 0 1769877398 955963
0 401 482342 0 1769877399 438314
0 402 500430 0 1769877399 938751
0 403 465569 0 1769877400 404335
0 404 482513 0 1769877400 886856
0 405 487307 0 1769877401 374172
0 406 492767 0 1769877401 866947
0 407 485755 0 1769877402 352710
0 408 487297 0 1769877402 840015
0 409 480406 0 1769877403 320430
0 410 503596 0 1769877403 824033
0 411 464243 0 1769877404 288285
0 412 481564 0 1769877404 769857
0 413 491658 0 1769877405 261523
0 414 478756 0 1769877405 740287
0 415 505267 0 1769877406 245562
0 416 473451 0 1769877406 719021
0 417 505075 0 1769877407 224103
0 418 491547 0 1769877407 715659
0 419 471306 0 1769877408 186974
0 420 477498 0 1769877408 664480
0 421 500692 0 1769877409 165179
0 422 486053 0 1769877409 651241
0 423 483846 0 1769877410 135095
0 424 479576 0 1769877410 614679
0 425 484247 0 1769877411 98935
0 426 497834 0 1769877411 596777
0 427 484577 0 1769877412 81363
0 428 489929 0 1769877412 571300
0 429 483437 0 1769877413 54745
0 430 493398 0 1769877413 548151
0 431 499672 0 1769877414 47830
0 432 479912 0 1769877414 527751
0 433 493905 0 1769877415 21665
0 434 483905 0 1769877415 505578
0 435 476065 0 1769877415 981651
0 436 460042 0 1769877416 441701
0 437 499570 0 1769877416 941279
0 438 489662 0 1769877417 430948
0 439 491167 0 1769877417 922124
0 440 486303 0 1769877418 408435
0 441 473164 0 1769877418 881608
0 442 453785 0 1769877419 335401
0 443 516594 0 1769877419 852010
0 444 482757 0 1769877420 334777
0 445 496025 0 1769877420 830812
0 446 474683 0 1769877421 305503
0 447 493422 0 1769877421 798933
0 448 483093 0 1769877422 282034
0 449 485371 0 1769877422 767419
0 450 487431 0 1769877423 254858
0 451 478456 0 1769877423 733322
0 452 503033 0 1769877424 236364
0 453 492243 0 1769877424 728620
0 454 486816 0 1769877425 215445
0 455 478860 0 1769877425 694313
0 456 487181 0 1769877426 181502
0 457 501511 0 1769877426 683021
0 458 492322 0 1769877427 175351
0 459 494851 0 1769877427 670211
0 460 478818 0 1769877428 149038
0 461 478780 0 1769877428 627826
0 462 490447 0 1769877429 118285
0 463 486227 0 1769877429 604520
0 464 483096 0 1769877430 87625
0 465 464555 0 1769877430 552188
0 466 483676 0 1769877431 35871
0 467 505429 0 1769877431 541309
0 468 487340 0 1769877432 28658
0 469 483747 0 1769877432 512414
0 470 482767 0 1769877432 995195
0 471 499166 0 1769877433 494368
0 472 490096 0 1769877433 984473
0 473 488428 0 1769877434 472909
0 474 479970 0 1769877434 952887
0 475 475650 0 1769877435 428544
0 476 476703 0 1769877435 905255
0 477 500549 0 1769877436 405813
0 478 487760 0 1769877436 893582
0 479 498163 0 1769877437 391753
0 480 480626 0 1769877437 872387
0 481 487523 0 1769877438 359919
0 482 472641 0 1769877438 832568
0 483 503955 0 1769877439 336530
0 484 488053 0 1769877439 824592
0 485 486945 0 1769877440 311545
0 486 486293 0 1769877440 797846
0 487 474173 0 1769877441 272029
0 488 490598 0 1769877441 762639
0 489 493424 0 1769877442 256072
0 490 468310 0 1769877442 724391
0 491 479524 0 1769877443 203924
0 492 497082 0 1769877443 701015
0 493 495636 0 1769877444 196660
0 494 482273 0 1769877444 678941
0 495 509074 0 1769877445 188024
0 496 454998 0 1769877445 643032
0 497 491748 0 1769877446 134787
0 498 491818 0 1769877446 626614
0 499 497687 0 1769877447 124308
0 500 490023 0 1769877447 614339
0 501 472418 0 1769877448 86766
0 502 478119 0 1769877448 564893
0 503 503347 0 1769877449 68303
0 504 891462 0 1769877449 959774
0 505 566708 0 1769877450 526490
0 506 559545 0 1769877451 86043
0 507 555756 0 1769877451 641807
0 508 561324 0 1769877452 203145
0 509 567710 0 1769877452 770863
0 510 549575 0 1769877453 320447
0 511 544453 0 1769877453 864907
0 512 549057 0 1769877454 413973
0 513 531062 0 1769877454 945043
0 514 561158 0 1769877455 506209
0 515 559869 0 1769877456 66086
0 516 556205 0 1769877456 622299
0 517 542443 0 1769877457 164750
0 518 555183 0 1769877457 719942
0 519 551032 0 1769877458 270983
0 520 533455 0 1769877458 804447
0 521 554302 0 1769877459 358757
0 522 567480 0 1769877459 926245
0 523 551428 0 1769877460 477681
0 524 561736 0 1769877461 39425
0 525 565670 0 1769877461 605104
0 526 544316 0 1769877462 149428
0 527 534334 0 1769877462 683770
0 528 543580 0 1769877463 227359
0 529 551624 0 1769877463 778992
0 530 544970 0 1769877464 323971
0 531 541050 0 1769877464 865029
0 532 513080 0 1769877465 378118
0 533 552393 0 1769877465 930519
0 534 549634 0 1769877466 480161
0 535 534853 0 1769877467 15022
0 536 552358 0 1769877467 567387
0 537 523935 0 1769877468 91332
0 538 542893 0 1769877468 634233
0 539 557703 0 1769877469 191945
0 540 545605 0 1769877469 737558
0 541 525349 0 1769877470 262915
0 542 549438 0 1769877470 812361
0 543 550928 0 1769877471 363297
0 544 547907 0 1769877471 911212
0 545 549523 0 1769877472 460742
0 546 555052 0 1769877473 15803
0 547 550871 0 1769877473 566681
0 548 544925 0 1769877474 111615
0 549 514652 0 1769877474 626274
0 550 553900 0 1769877475 180182
0 551 545286 0 1769877475 725477
0 552 532469 0 1769877476 257954
0 553 524184 0 1769877476 782146
0 554 546998 0 1769877477 329151
0 555 560794 0 1769877477 889954
0 556 533784 0 1769877478 423746
0 557 539460 0 1769877478 963214
0 558 551641 0 1769877479 514864
0 559 555101 0 1769877480 69973
0 560 541838 0 1769877480 611819
0 561 550094 0 1769877481 161921
0 562 542628 0 1769877481 704557
0 563 545076 0 1769877482 249641
0 564 558270 0 1769877482 807919
0 565 551903 0 1769877483 359834
0 566 539918 0 1769877483 899759
0 567 513122 0 1769877484 412890
0 568 551747 0 1769877484 964646
0 569 549146 0 1769877485 513801
0 570 534047 0 1769877486 47857
0 571 548351 0 1769877486 596216
0 572 556036 0 1769877487 152260
0 573 564160 0 1769877487 716428
0 574 541872 0 1769877488 258308
0 575 549600 0 1769877488 807917
0 576 549149 0 1769877489 357074
0 577 541875 0 1769877489 898957
0 578 556214 0 1769877490 455179
0 579 535367 0 1769877490 990554
0 580 548524 0 1769877491 539085
0 581 552092 0 1769877492 91186
0 582 526344 0 1769877492 617538
0 583 548170 0 1769877493 165716
0 584 550032 0 1769877493 715756
0 585 549022 0 1769877494 264787
0 586 548843 0 1769877494 813638
0 587 519687 0 1769877495 333333
0 588 574013 0 1769877495 907354
0 589 538251 0 1769877496 445613
0 590 545290 0 1769877496 990912
0 591 558385 0 1769877497 549305
0 592 546503 0 1769877498 95816
0 593 549824 0 1769877498 645647
0 594 562176 0 1769877499 207832
0 595 541054 0 1769877499 748904
0 596 545041 0 1769877500 293953
0 597 524678 0 1769877500 818640
0 598 558450 0 1769877501 377098
0 599 555057 0 1769877501 932162
0 600 556453 0 1769877502 488624
0 601 571849 0 1769877503 60481
0 602 545840 0 1769877503 606328
0 603 539821 0 1769877504 146158
0 604 514066 0 1769877504 660237
0 605 554903 0 1769877505 215148
0 606 550015 0 1769877505 765171
0 607 548063 0 1769877506 313243
0 608 560150 0 1769877506 873402
0 609 543607 0 1769877507 417018
0 610 533080 0 1769877507 950114
0 611 545665 0 1769877508 495792
0 612 558913 0 1769877509 54719
0 613 547139 0 1769877509 601866
0 614 539035 0 1769877510 140911
0 615 558366 0 1769877510 699285
0 616 547845 0 1769877511 247140
0 617 542602 0 1769877511 789750
0 618 556625 0 1769877512 346384
0 619 542086 0 1769877512 888481
0 620 529101 0 1769877513 417590
0 621 560607 0 1769877513 978213
0 622 555778 0 1769877514 533999
0 623 548325 0 1769877515 82334
0 624 557028 0 1769877515 639370
0 625 558469 0 1769877516 197849
0 626 542816 0 1769877516 740674
0 627 531297 0 1769877517 271980
0 628 549384 0 1769877517 821436
0 629 561359 0 1769877518 382804
0 630 537434 0 1769877518 920254
0 631 549001 0 1769877519 469264
0 632 525553 0 1769877519 994827
0 633 556405 0 1769877520 551240
0 634 524247 0 1769877521 75502
0 635 544627 0 1769877521 620144
0 636 564078 0 1769877522 184235
0 637 539156 0 1769877522 723399
0 638 543995 0 1769877523 267403
0 639 557541 0 1769877523 824952
0 640 550864 0 1769877524 375825
0 641 542543 0 1769877524 918377
0 642 558244 0 1769877525 476628
0 643 554096 0 1769877526 30734
0 644 545709 0 1769877526 576458
0 645 562643 0 1769877527 139110
0 646 540896 0 1769877527 680014
0 647 539877 0 1769877528 219907
0 648 556025 0 1769877528 775940
0 649 548016 0 1769877529 323964
0 650 558705 0 1769877529 882678
0 651 563531 0 1769877530 446217
0 652 532978 0 1769877530 979204
0 653 555954 0 1769877531 535166
0 654 525620 0 1769877532 60794
0 655 540406 0 1769877532 601208
0 656 532138 0 1769877533 133355
0 657 549358 0 1769877533 682721
0 658 554718 0 1769877534 237447
0 659 529653 0 1769877534 767108
0 660 549900 0 1769877535 317017
0 661 508664 0 1769877535 825695
0 662 533734 0 1769877536 359437
0 663 550419 0 1769877536 909867
0 664 529693 0 1769877537 439569
0 665 540907 0 1769877537 980485
0 666 560713 0 1769877538 541206
0 667 546239 0 1769877539 87454
0 668 539742 0 1769877539 627204
0 669 556210 0 1769877540 183422
0 670 545912 0 1769877540 729341
0 671 533065 0 1769877541 262415
0 672 519259 0 1769877541 781682
0 673 558719 0 1769877542 340408
0 674 552607 0 1769877542 893023
0 675 523429 0 1769877543 416461
0 676 544554 0 1769877543 961023
0 677 566815 0 1769877544 527846
0 678 553984 0 1769877545 81838
0 679 535858 0 1769877545 617704
0 680 572204 0 1769877546 189916
0 681 537760 0 1769877546 727685
0 682 543597 0 1769877547 271291
0 683 543038 0 1769877547 814338
0 684 542814 0 1769877548 357160
0 685 545438 0 1769877548 902612
0 686 559368 0 1769877549 461988
0 687 548548 0 1769877550 10546
0 688 538703 0 1769877550 549258
0 689 557448 0 1769877551 106717
0 690 531344 0 1769877551 638070
0 691 488287 0 1769877552 126370
0 692 464717 0 1769877552 591096
0 693 503212 0 1769877553 94318
0 694 480247 0 1769877553 574574
0 695 473366 0 1769877554 47949
0 696 476987 0 1769877554 524944
0 697 465155 0 1769877554 990109
0 698 499452 0 1769877555 489570
0 699 475799 0 1769877555 965379
0 700 469014 0 1769877556 434401
0 701 460806 0 1769877556 895221
0 702 484822 0 1769877557 380052
0 703 517501 0 1769877557 897564
0 704 482675 0 1769877558 380248
0 705 480914 0 1769877558 861174
0 706 489376 0 1769877559 350562
0 707 470597 0 1769877559 821167
0 708 492097 0 1769877560 313272
0 709 492146 0 1769877560 805427
0 710 488658 0 1769877561 294094
0 711 485036 0 1769877561 779138
0 712 474105 0 1769877562 253251
0 713 504717 0 1769877562 757976
0 714 508081 0 1769877563 266065
0 715 480861 0 1769877563 746933
0 716 476428 0 1769877564 223369
0 717 485266 0 1769877564 708643
0 718 501452 0 1769877565 210104
0 719 487421 0 1769877565 697540
0 720 493047 0 1769877566 190595
0 721 490541 0 1769877566 681145
0 722 499252 0 1769877567 180405
0 723 485619 0 1769877567 666032
0 724 487081 0 1769877568 153122
0 725 476248 0 1769877568 629378
0 726 500406 0 1769877569 129791
0 727 483292 0 1769877569 613092
0 728 470857 0 1769877570 83958
0 729 501246 0 1769877570 585212
0 730 501775 0 1769877571 86996
0 731 495357 0 1769877571 582361
0 732 483107 0 1769877572 65478
0 733 481705 0 1769877572 547191
0 734 482168 0 1769877573 29367
0 735 505071 0 1769877573 534447
0 736 488681 0 1769877574 23136
0 737 484252 0 1769877574 507396
0 738 487681 0 1769877574 995085
0 739 464623 0 1769877575 459717
0 740 463418 0 1769877575 923159
0 741 490316 0 1769877576 413484
0 742 457132 0 1769877576 870625
0 743 503994 0 1769877577 374627
0 744 477745 0 1769877577 852380
0 745 489208 0 1769877578 341596
0 746 487235 0 1769877578 828838
0 747 482303 0 1769877579 311151
0 748 500692 0 1769877579 811850
0 749 483021 0 1769877580 294880
0 750 481190 0 1769877580 776079
0 751 489204 0 1769877581 265291
0 752 490551 0 1769877581 755929
0 753 488577 0 1769877582 244515
0 754 501687 0 1769877582 746210
0 755 496548 0 1769877583 242765
0 756 501398 0 1769877583 744171
0 757 488660 0 1769877584 232840
0 758 471849 0 1769877584 704696
0 759 478227 0 1769877585 182932
0 760 499946 0 1769877585 682886
0 761 479120 0 1769877586 162014
0 762 480668 0 1769877586 642690
0 763 460786 0 1769877587 103484
0 764 496866 0 1769877587 600358
0 765 485532 0 1769877588 85899
0 766 481134 0 1769877588 567041
0 767 486546 0 1769877589 53596
0 768 503637 0 1769877589 557241
0 769 485741 0 1769877590 42990
0 770 495869 0 1769877590 538867
0 771 484047 0 1769877591 22922
0 772 482294 0 1769877591 505229
0 773 492931 0 1769877591 998168
0 774 493890 0 1769877592 492067
0 775 470341 0 1769877592 962416
0 776 480698 0 1769877593 443122
0 777 494418 0 1769877593 937548
0 778 487650 0 1769877594 425207
0 779 484385 0 1769877594 909600
0 780 497385 0 1769877595 406993
0 781 475565 0 1769877595 882565
0 782 485174 0 1769877596 367751
0 783 490113 0 1769877596 857872
0 784 496696 0 1769877597 354576
0 785 484065 0 1769877597 838649
0 786 489647 0 1769877598 328304
0 787 486659 0 1769877598 814970
0 788 468783 0 1769877599 283762
0 789 503771 0 1769877599 787540
0 790 481348 0 1769877600 268897
0 791 487375 0 1769877600 756281
0 792 463982 0 1769877601 220272
0 793 478701 0 1769877601 698981
0 794 460031 0 1769877602 159021
0 795 502906 0 1769877602 661935
0 796 488984 0 1769877603 150928
0 797 492690 0 1769877603 643626
0 798 484019 0 1769877604 127658
0 799 466108 0 1769877604 593775
0 800 477803 0 1769877605 71587
0 801 462960 0 1769877605 534561
0 802 507791 0 1769877606 42362
0 803 514587 0 1769877606 556957
0 804 484415 0 1769877607 41380
0 805 462437 0 1769877607 503826
0 806 455085 0 1769877607 958920
0 807 498671 0 1769877608 457599
0 808 499584 0 1769877608 957191
0 809 485306 0 1769877609 442505
0 810 494020 0 1769877609 936533
0 811 478112 0 1769877610 414653
0 812 474331 0 1769877610 888993
0 813 489438 0 1769877611 378440
0 814 501066 0 1769877611 879514
0 815 485399 0 1769877612 364920
0 816 485961 0 1769877612 850890
0 817 479713 0 1769877613 330611
0 818 499048 0 1769877613 829667
0 819 482686 0 1769877614 312361
0 820 475644 0 1769877614 788013
0 821 458841 0 1769877615 246862
0 822 485015 0 1769877615 731885
0 823 510849 0 1769877616 242743
0 824 485638 0 1769877616 728388
0 825 483956 0 1769877617 212353
0 826 476167 0 1769877617 688527
0 827 480252 0 1769877618 168788
0 828 491114 0 1769877618 659910
0 829 492783 0 1769877619 152701
0 830 478322 0 1769877619 631031
0 831 485794 0 1769877620 116833
0 832 478784 0 1769877620 595636
0 833 515722 0 1769877621 111366
0 834 482430 0 1769877621 593804
0 835 485867 0 1769877622 79679
0 836 482335 0 1769877622 562022
0 837 465391 0 1769877623 27421
0 838 471601 0 1769877623 499030
0 839 466448 0 1769877623 965486
0 840 506559 0 1769877624 472052
0 841 509223 0 1769877624 981283
0 842 485404 0 1769877625 466696
0 843 493031 0 1769877625 959735
0 844 486377 0 1769877626 446120
0 845 502075 0 1769877626 948203
0 846 495114 0 1769877627 443325
0 847 476748 0 1769877627 920081
0 848 469994 0 1769877628 390084
0 849 521385 0 1769877628 911477
0 850 464404 0 1769877629 375889
0 851 496916 0 1769877629 872813
0 852 491865 0 1769877630 364685
0 853 465977 0 1769877630 830671
0 854 475668 0 1769877631 306347
0 855 498283 0 1769877631 804638
0 856 491905 0 1769877632 296551
0 857 494394 0 1769877632 790953
0 858 473062 0 1769877633 264028
0 859 491061 0 1769877633 755098
0 860 493077 0 1769877634 248183
0 861 498692 0 1769877634 746884
0 862 492537 0 1769877635 239429
0 863 495525 0 1769877635 734962
0 864 475277 0 1769877636 210247
0 865 474861 0 1769877636 685116
0 866 506768 0 1769877637 191893
0 867 465799 0 1769877637 657701
0 868 493362 0 1769877638 151071
0 869 456186 0 1769877638 607265
0 870 503775 0 1769877639 111049
0 871 490007 0 1769877639 601063
0 872 469362 0 1769877640 70434
0 873 480557 0 1769877640 550999
0 874 465693 0 1769877641 16700
0 875 499422 0 1769877641 516132
0 876 495516 0 1769877642 11656
0 877 482513 0 1769877642 494255
0 878 502137 0 1769877642 996400
0 879 464467 0 1769877643 460874
0 880 479436 0 1769877643 940319
0 881 462691 0 1769877644 403017
0 882 502438 0 1769877644 905464
0 883 499110 0 1769877645 404583
0 884 484450 0 1769877645 889042
0 885 501258 0 1769877646 390308
0 886 473137 0 1769877646 863452
0 887 494493 0 1769877647 357953
0 888 487684 0 1769877647 845646
0 889 487956 0 1769877648 333610
0 890 481147 0 1769877648 814766
0 891 474237 0 1769877649 289011
0 892 480739 0 1769877649 769758
0 893 491901 0 1769877650 261666
0 894 486035 0 1769877650 747710
0 895 490801 0 1769877651 238523
0 896 477548 0 1769877651 716080
0 897 486219 0 1769877652 202307
0 898 496689 0 1769877652 699004
0 899 491988 0 1769877653 190999
0 900 483785 0 1769877653 674793
0 901 491105 0 1769877654 165906
0 902 472661 0 1769877654 638575
0 903 503757 0 1769877655 142346
0 904 482131 0 1769877655 624486
0 905 496928 0 1769877656 121422
0 906 483256 0 1769877656 604687
0 907 505307 0 1769877657 110002
0 908 489689 0 1769877657 599699
0 909 487750 0 1769877658 87457
0 910 480856 0 1769877658 568321
0 911 492793 0 1769877659 61123
0 912 500156 0 1769877659 561287
0 913 489033 0 1769877660 50329
0 914 499629 0 1769877660 549966
0 915 486097 0 1769877661 36071
0 916 477057 0 1769877661 513137
0 917 493358 0 1769877662 6503
0 918 510533 0 1769877662 517044
0 919 486504 0 1769877663 3557
0 920 500731 0 1769877663 504296
0 921 483993 0 1769877663 988304
0 922 488839 0 1769877664 477151
0 923 455584 0 1769877664 932743
0 924 491224 0 1769877665 423975
0 925 492954 0 1769877665 916944
0 926 504227 0 1769877666 421180
0 927 485259 0 1769877666 906448
0 928 499186 0 1769877667 405642
0 929 487062 0 1769877667 892713
0 930 494221 0 1769877668 386943
0 931 479119 0 1769877668 866070
0 932 476145 0 1769877669 342223
0 933 500045 0 1769877669 842276
0 934 485612 0 1769877670 327896
0 935 469685 0 1769877670 797588
0 936 476417 0 1769877671 274014
0 937 514077 0 1769877671 788100
0 938 484183 0 1769877672 272292
0 939 469694 0 1769877672 741994
0 940 480118 0 1769877673 222121
0 941 496207 0 1769877673 718337
0 942 470159 0 1769877674 188507
0 943 483332 0 1769877674 671847
0 944 499188 0 1769877675 171045
0 945 485597 0 1769877675 656650
0 946 500586 0 1769877676 157244
0 947 466609 0 1769877676 623862
0 948 487525 0 1769877677 111395
0 949 459434 0 1769877677 570838
0 950 502569 0 1769877678 73416
0 951 483980 0 1769877678 557405
0 952 489831 0 1769877679 47249
0 953 469092 0 1769877679 516349
0 954 482110 0 1769877679 998467
0 955 498020 0 1769877680 496496
0 956 494480 0 1769877680 990984
0 957 487351 0 1769877681 478342
0 958 469403 0 1769877681 947754
0 959 476857 0 1769877682 424619
0 960 500565 0 1769877682 925192
0 961 507793 0 1769877683 432994
0 962 480917 0 1769877683 913919
0 963 496317 0 1769877684 410244
0 964 496036 0 1769877684 906288
0 965 503298 0 1769877685 409593
0 966 483770 0 1769877685 893375
0 967 501055 0 1769877686 394437
0 968 478214 0 1769877686 872660
0 969 498912 0 1769877687 371580
0 970 463876 0 1769877687 835464
0 971 484149 0 1769877688 319621
0 972 506805 0 1769877688 826433
0 973 495761 0 1769877689 322203
0 974 493072 0 1769877689 815283
0 975 484834 0 1769877690 300126
0 976 493198 0 1769877690 793332
0 977 495740 0 1769877691 289081
0 978 475224 0 1769877691 764313
0 979 488904 0 1769877692 253225
0 980 473819 0 1769877692 727052
0 981 501284 0 1769877693 228343
0 982 485450 0 1769877693 713802
0 983 496623 0 1769877694 210441
0 984 494816 0 1769877694 705265
0 985 469458 0 1769877695 174731
0 986 483582 0 1769877695 658321
0 987 504133 0 1769877696 162462
0 988 492797 0 1769877696 655273
0 989 510071 0 1769877697 165352
0 990 473653 0 1769877697 639018
0 991 500083 0 1769877698 139111
0 992 491514 0 1769877698 630634
0 993 491255 0 1769877699 121897
0 994 478054 0 1769877699 599960
0 995 477214 0 1769877700 77183
0 996 493983 0 1769877700 571178
0 997 488501 0 1769877701 59689
0 998 482972 0 1769877701 542670
0 999 489375 0 1769877702 32054
0 1000 466553 0 1769877702 498615
