0 1 1192822 0 1769876166 885655
0 2 513783 0 1769876167 399453
0 3 490169 0 1769876167 889630
0 4 503145 0 1769876168 392783
0 5 484360 0 1769876168 877151
0 6 486520 0 1769876169 363680
0 7 496391 0 1769876169 860079
0 8 475945 0 1769876170 336038
0 9 490191 0 1769876170 826237
0 10 488529 0 1769876171 314774
0 11 485309 0 1769876171 800091
0 12 486262 0 1769876172 286361
0 13 473568 0 1769876172 759937
0 14 458143 0 1769876173 218089
0 15 500402 0 1769876173 718499
0 16 491775 0 1769876174 210283
0 17 496132 0 1769876174 706424
0 18 486584 0 1769876175 193017
0 19 476550 0 1769876175 669576
0 20 503286 0 1769876176 172870
0 21 487011 0 1769876176 659889
0 22 488190 0 1769876177 148087
0 23 485091 0 1769876177 633191
0 24 484543 0 1769876178 117743
0 25 501771 0 1769876178 619523
0 26 485837 0 1769876179 105369
0 27 502219 0 1769876179 607596
0 28 484420 0 1769876180 92024
0 29 477098 0 1769876180 569130
0 30 499978 0 1769876181 69116
0 31 485948 0 1769876181 555073
0 32 486803 0 1769876182 41885
0 33 484771 0 1769876182 526663
0 34 479822 0 1769876183 6493
0 35 492698 0 1769876183 499200
0 36 502522 0 1769876184 1730
0 37 473757 0 1769876184 475496
0 38 506912 0 1769876184 982416
0 39 479705 0 1769876185 462129
0 40 499410 0 1769876185 961547
0 41 484888 0 1769876186 446444
0 42 492978 0 1769876186 939431
0 43 482273 0 1769876187 421711
0 44 477271 0 1769876187 898990
0 45 489745 0 1769876188 388744
0 46 493213 0 1769876188 881966
0 47 464793 0 1769876189 346766
0 48 483037 0 1769876189 829812
0 49 507212 0 1769876190 337032
0 50 489998 0 1769876190 827037
0 51 483452 0 1769876191 310498
0 52 491040 0 1769876191 801545
0 53 493128 0 1769876192 294682
0 54 505281 0 1769876192 799971
0 55 490408 0 1769876193 290389
0 56 491436 0 1769876193 781834
0 57 480264 0 1769876194 262106
0 58 476729 0 1769876194 738855
0 59 502452 0 1769876195 241316
0 60 485295 0 1769876195 726628
0 61 498043 0 1769876196 224681
0 62 497662 0 1769876196 722352
0 63 482807 0 1769876197 205170
0 64 490839 0 1769876197 696017
0 65 484987 0 1769876198 181020
0 66 478169 0 1769876198 659201
0 67 495654 0 1769876199 154868
0 68 490168 0 1769876199 645044
0 69 482223 0 1769876200 127282
0 70 487101 0 1769876200 614399
0 71 480557 0 1769876201 94968
0 72 503238 0 1769876201 598214
0 73 483032 0 1769876202 81259
0 74 495887 0 1769876202 577154
0 75 483971 0 1769876203 61136
0 76 479053 0 1769876203 540204
0 77 500538 0 1769876204 40755
0 78 489803 0 1769876204 530566
0 79 514164 0 1769876205 44742
0 80 485197 0 1769876205 529956
0 81 501655 0 1769876206 31626
0 82 493751 0 1769876206 525386
0 83 490445 0 1769876207 15844
0 84 490287 0 1769876207 506140
0 85 499878 0 1769876208 6031
0 86 484170 0 1769876208 490216
0 87 493435 0 1769876208 983666
0 88 473360 0 1769876209 457034
0 89 506504 0 1769876209 963551
0 90 495445 0 1769876210 459012
0 91 496954 0 1769876210 955980
0 92 479575 0 1769876211 435563
0 93 488908 0 1769876211 924484
0 94 496739 0 1769876212 421231
0 95 488766 0 1769876212 910014
0 96 496653 0 1769876213 406683
0 97 480924 0 1769876213 887623
0 98 475399 0 1769876214 363030
0 99 496902 0 1769876214 859946
0 100 485788 0 1769876215 345742
0 101 487747 0 1769876215 833504
0 102 490849 0 1769876216 324369
0 103 471728 0 1769876216 796105
0 104 496082 0 1769876217 292202
0 105 516139 0 1769876217 808350
0 106 483403 0 1769876218 291761
0 107 490666 0 1769876218 782435
0 108 490158 0 1769876219 272601
0 109 500776 0 1769876219 773385
0 110 490565 0 1769876220 263958
0 111 493770 0 1769876220 757737
0 112 477348 0 1769876221 235093
0 113 479000 0 1769876221 714100
0 114 490962 0 1769876222 205077
0 115 491974 0 1769876222 697059
0 116 486168 0 1769876223 183236
0 117 485396 0 1769876223 668641
0 118 500751 0 1769876224 169400
0 119 508389 0 1769876224 677798
0 120 520409 0 1769876225 198216
0 121 522766 0 1769876225 720991
0 122 519404 0 1769876226 240402
0 123 481094 0 1769876226 721505
0 124 478670 0 1769876227 200183
0 125 484947 0 1769876227 685138
0 126 494904 0 1769876228 180051
0 127 485046 0 1769876228 665105
0 128 486307 0 1769876229 151421
0 129 477817 0 1769876229 629321
0 130 512602 0 1769876230 141931
0 131 511779 0 1769876230 653718
0 132 500698 0 1769876231 154425
0 133 477341 0 1769876231 631774
0 134 504821 0 1769876232 136602
0 135 487146 0 1769876232 623758
0 136 482364 0 1769876233 106130
0 137 481412 0 1769876233 587550
0 138 481446 0 1769876234 69005
0 139 506418 0 1769876234 575432
0 140 480801 0 1769876235 56241
0 141 488276 0 1769876235 544526
0 142 485130 0 1769876236 29663
0 143 478018 0 1769876236 507689
0 144 499792 0 1769876237 7490
0 145 489083 0 1769876237 496580
0 146 484423 0 1769876237 981012
0 147 490893 0 1769876238 471913
0 148 477216 0 1769876238 949137
0 149 502958 0 1769876239 452103
0 150 492568 0 1769876239 944680
0 151 490169 0 1769876240 434857
0 152 489357 0 1769876240 924222
0 153 481386 0 1769876241 405617
0 154 499595 0 1769876241 905219
0 155 489496 0 1769876242 394723
0 156 495437 0 1769876242 890169
0 157 485782 0 1769876243 375958
0 158 476455 0 1769876243 852422
0 159 498806 0 1769876244 351236
0 160 490320 0 1769876244 841565
0 161 499240 0 1769876245 340818
0 162 489231 0 1769876245 830057
0 163 484965 0 1769876246 315030
0 164 505294 0 1769876246 820336
0 165 483768 0 1769876247 304113
0 166 486763 0 1769876247 790884
0 167 489905 0 1769876248 280797
0 168 884998 0 1769876249 165803
0 169 535515 0 1769876249 701326
0 170 562023 0 1769876250 263356
0 171 556952 0 1769876250 820317
0 172 538813 0 1769876251 359138
0 173 565473 0 1769876251 924619
0 174 552453 0 1769876252 477080
0 175 546326 0 1769876253 23413
0 176 562920 0 1769876253 586341
0 177 537021 0 1769876254 123371
0 178 545795 0 1769876254 669174
0 179 576699 0 1769876255 245881
0 180 534983 0 1769876255 780872
0 181 537924 0 1769876256 318805
0 182 565082 0 1769876256 883895
0 183 562234 0 1769876257 446137
0 184 544306 0 1769876257 990452
0 185 528009 0 1769876258 518469
0 186 562323 0 1769876259 80801
0 187 544425 0 1769876259 625243
0 188 543545 0 1769876260 168800
0 189 568682 0 1769876260 737491
0 190 547480 0 1769876261 284984
0 191 545657 0 1769876261 830656
0 192 557629 0 1769876262 388294
0 193 545905 0 1769876262 934215
0 194 537593 0 1769876263 471816
0 195 563089 0 1769876264 34914
0 196 551596 0 1769876264 586517
0 197 532425 0 1769876265 118951
0 198 553085 0 1769876265 672044
0 199 564984 0 1769876266 237037
0 200 543812 0 1769876266 780856
0 201 546533 0 1769876267 327398
0 202 559068 0 1769876267 886475
0 203 556370 0 1769876268 442853
0 204 541633 0 1769876268 984494
0 205 571735 0 1769876269 556237
0 206 552714 0 1769876270 108959
0 207 535591 0 1769876270 644559
0 208 529040 0 1769876271 173615
0 209 580601 0 1769876271 754225
0 210 541330 0 1769876272 295564
0 211 544631 0 1769876272 840203
0 212 566586 0 1769876273 406796
0 213 550789 0 1769876273 957594
0 214 548507 0 1769876274 506109
0 215 553153 0 1769876275 59270
0 216 549557 0 1769876275 608835
0 217 543548 0 1769876276 152390
0 218 552662 0 1769876276 705061
0 219 554116 0 1769876277 259194
0 220 537605 0 1769876277 796806
0 221 560546 0 1769876278 357361
0 222 547003 0 1769876278 904372
0 223 532698 0 1769876279 437077
0 224 544721 0 1769876279 981807
0 225 557004 0 1769876280 538819
0 226 549900 0 1769876281 88727
0 227 542617 0 1769876281 631352
0 228 557422 0 1769876282 188786
0 229 542969 0 1769876282 731763
0 230 550858 0 1769876283 282629
0 231 568442 0 1769876283 851080
0 232 537134 0 1769876284 388225
0 233 541689 0 1769876284 929923
0 234 576021 0 1769876285 505952
0 235 562621 0 1769876286 68582
0 236 539514 0 1769876286 608105
0 237 557054 0 1769876287 165167
0 238 551061 0 1769876287 716244
0 239 545448 0 1769876288 261701
0 240 555533 0 1769876288 817243
0 241 558838 0 1769876289 376090
0 242 558594 0 1769876289 934692
0 243 542632 0 1769876290 477332
0 244 542445 0 1769876291 19785
0 245 566686 0 1769876291 586480
0 246 545344 0 1769876292 131838
0 247 545718 0 1769876292 677572
0 248 552275 0 1769876293 229855
0 249 522901 0 1769876293 752764
0 250 531843 0 1769876294 284615
0 251 546232 0 1769876294 830855
0 252 567683 0 1769876295 398545
0 253 548662 0 1769876295 947215
0 254 537727 0 1769876296 485017
0 255 558105 0 1769876297 43130
0 256 549615 0 1769876297 592754
0 257 535232 0 1769876298 127994
0 258 539220 0 1769876298 667222
0 259 562354 0 1769876299 229584
0 260 548505 0 1769876299 778097
0 261 560936 0 1769876300 339041
0 262 557762 0 1769876300 896812
0 263 560549 0 1769876301 457369
0 264 531385 0 1769876301 988761
0 265 531458 0 1769876302 520228
0 266 570707 0 1769876303 90944
0 267 549666 0 1769876303 640619
0 268 531332 0 1769876304 171960
0 269 552035 0 1769876304 724003
0 270 556714 0 1769876305 280726
0 271 542588 0 1769876305 823322
0 272 561537 0 1769876306 384867
0 273 549583 0 1769876306 934458
0 274 544174 0 1769876307 478641
0 275 551306 0 1769876308 29955
0 276 543138 0 1769876308 573102
0 277 540524 0 1769876309 113633
0 278 555325 0 1769876309 668967
0 279 544320 0 1769876310 213295
0 280 543208 0 1769876310 756511
0 281 549497 0 1769876311 306017
0 282 538044 0 1769876311 844069
0 283 556953 0 1769876312 401030
0 284 553988 0 1769876312 955026
0 285 555399 0 1769876313 510433
0 286 559474 0 1769876314 69915
0 287 569587 0 1769876314 639510
0 288 543108 0 1769876315 182626
0 289 557876 0 1769876315 740510
0 290 536821 0 1769876316 277338
0 291 548034 0 1769876316 825380
0 292 558363 0 1769876317 383752
0 293 543239 0 1769876317 926999
0 294 540760 0 1769876318 467768
0 295 512879 0 1769876318 980656
0 296 566516 0 1769876319 547180
0 297 543585 0 1769876320 90773
0 298 540511 0 1769876320 631292
0 299 531598 0 1769876321 162898
0 300 521839 0 1769876321 684745
0 301 561506 0 1769876322 246260
0 302 553665 0 1769876322 799933
0 303 546367 0 1769876323 346308
0 304 569286 0 1769876323 915602
0 305 546213 0 1769876324 461823
0 306 548505 0 1769876325 10339
0 307 559113 0 1769876325 569459
0 308 545706 0 1769876326 115174
0 309 517428 0 1769876326 632610
0 310 558088 0 1769876327 190707
0 311 544045 0 1769876327 734761
0 312 544853 0 1769876328 279628
0 313 569235 0 1769876328 848872
0 314 549708 0 1769876329 398588
0 315 541719 0 1769876329 940315
0 316 554480 0 1769876330 494804
0 317 547676 0 1769876331 42489
0 318 541934 0 1769876331 584430
0 319 559627 0 1769876332 144067
0 320 551278 0 1769876332 695353
0 321 540267 0 1769876333 235629
0 322 522999 0 1769876333 758637
0 323 559073 0 1769876334 317718
0 324 549033 0 1769876334 866759
0 325 549444 0 1769876335 416212
0 326 567543 0 1769876335 983763
0 327 551810 0 1769876336 535586
0 328 532015 0 1769876337 67609
0 329 568876 0 1769876337 636493
0 330 554841 0 1769876338 191342
0 331 535085 0 1769876338 726435
0 332 563127 0 1769876339 289571
0 333 550070 0 1769876339 839649
0 334 538588 0 1769876340 378250
0 335 559239 0 1769876340 937499
0 336 550595 0 1769876341 488101
0 337 542278 0 1769876342 30388
0 338 558160 0 1769876342 588557
0 339 565214 0 1769876343 153781
0 340 547866 0 1769876343 701655
0 341 554010 0 1769876344 255680
0 342 555873 0 1769876344 811561
0 343 560952 0 1769876345 372520
0 344 559180 0 1769876345 931709
0 345 550795 0 1769876346 482514
0 346 542399 0 1769876347 24921
0 347 559882 0 1769876347 584811
0 348 551111 0 1769876348 135930
0 349 539379 0 1769876348 675318
0 350 559862 0 1769876349 235189
0 351 548689 0 1769876349 783885
0 352 548257 0 1769876350 332151
0 353 563310 0 1769876350 895468
0 354 536501 0 1769876351 431978
0 355 538337 0 1769876351 970323
0 356 572193 0 1769876352 542524
0 357 559747 0 1769876353 102281
0 358 555045 0 1769876353 657334
0 359 513294 0 1769876354 170636
0 360 486697 0 1769876354 657341
0 361 502249 0 1769876355 159599
0 362 505320 0 1769876355 664927
0 363 491389 0 1769876356 156325
0 364 496943 0 1769876356 653276
0 365 488703 0 1769876357 141986
0 366 460794 0 1769876357 602789
0 367 492278 0 1769876358 95075
0 368 492017 0 1769876358 587101
0 369 485694 0 1769876359 72803
0 370 490688 0 1769876359 563500
0 371 479510 0 1769876360 43018
0 372 501903 0 1769876360 544928
0 373 468535 0 1769876361 13472
0 374 485112 0 1769876361 498593
0 375 506252 0 1769876362 4853
0 376 491484 0 1769876362 496345
0 377 495695 0 1769876362 992053
0 378 482770 0 1769876363 474898
0 379 503319 0 1769876363 978225
0 380 482899 0 1769876364 461133
0 381 497657 0 1769876364 958803
0 382 500416 0 1769876365 459227
0 383 465505 0 1769876365 924742
0 384 495772 0 1769876366 420522
0 385 506787 0 1769876366 927317
0 386 491261 0 1769876367 418585
0 387 494328 0 1769876367 912923
0 388 485440 0 1769876368 398370
0 389 482108 0 1769876368 880487
0 390 500586 0 1769876369 381081
0 391 509005 0 1769876369 890103
0 392 483454 0 1769876370 373568
0 393 481519 0 1769876370 855096
0 394 519066 0 1769876371 374170
0 395 481345 0 1769876371 855525
0 396 496251 0 1769876372 351785
0 397 472161 0 1769876372 823957
0 398 505801 0 1769876373 329768
0 399 495909 0 1769876373 825687
0 400 489335 0 1769876374 315031
0 401 485129 0 1769876374 800169
0 402 487691 0 1769876375 287875
0 403 493170 0 1769876375 781054
0 404 466026 0 1769876376 247088
0 405 481818 0 1769876376 728914
0 406 499545 0 1769876377 228475
0 407 488243 0 1769876377 716727
0 408 492864 0 1769876378 209601
0 409 477817 0 1769876378 687427
0 410 482810 0 1769876379 170247
0 411 507640 0 1769876379 677896
0 412 492824 0 1769876380 170736
0 413 493253 0 1769876380 663997
0 414 496653 0 1769876381 160661
0 415 490422 0 1769876381 651091
0 416 505401 0 1769876382 156506
0 417 517942 0 1769876382 674459
0 418 490104 0 1769876383 164575
0 419 478135 0 1769876383 642719
0 420 481609 0 1769876384 124339
0 421 499909 0 1769876384 624256
0 422 484970 0 1769876385 109243
0 423 495788 0 1769876385 605040
0 424 481263 0 1769876386 86316
0 425 483165 0 1769876386 569489
0 426 505091 0 1769876387 74591
0 427 490441 0 1769876387 565045
0 428 504448 0 1769876388 69506
0 429 479489 0 1769876388 549004
0 430 500131 0 1769876389 49145
0 431 470390 0 1769876389 519544
0 432 461044 0 1769876389 980603
0 433 487026 0 1769876390 467638
0 434 494875 0 1769876390 962529
0 435 488552 0 1769876391 451088
0 436 490748 0 1769876391 941845
0 437 486378 0 1769876392 428231
0 438 482638 0 1769876392 910877
0 439 501368 0 1769876393 412253
0 440 490340 0 1769876393 902601
0 441 503616 0 1769876394 406226
0 442 473353 0 1769876394 879587
0 443 500022 0 1769876395 379618
0 444 508135 0 1769876395 887762
0 445 497282 0 1769876396 385052
0 446 481253 0 1769876396 866314
0 447 504002 0 1769876397 370324
0 448 485604 0 1769876397 855936
0 449 495802 0 1769876398 351746
0 450 486124 0 1769876398 837878
0 451 479803 0 1769876399 317698
0 452 493000 0 1769876399 810707
0 453 488264 0 1769876400 298978
0 454 488767 0 1769876400 787753
0 455 492731 0 1769876401 280493
0 456 478898 0 1769876401 759400
0 457 504172 0 1769876402 263580
0 458 470385 0 1769876402 733978
0 459 482019 0 1769876403 216006
0 460 503034 0 1769876403 719048
0 461 492469 0 1769876404 211527
0 462 487792 0 1769876404 699327
0 463 495587 0 1769876405 194922
0 464 485823 0 1769876405 680754
0 465 494505 0 1769876406 175276
0 466 491835 0 1769876406 667120
0 467 488867 0 1769876407 155995
0 468 489272 0 1769876407 645275
0 469 508998 0 1769876408 154281
0 470 501176 0 1769876408 655465
0 471 484261 0 1769876409 139735
0 472 501191 0 1769876409 640934
0 473 489488 0 1769876410 130429
0 474 472570 0 1769876410 603008
0 475 502791 0 1769876411 105807
0 476 489834 0 1769876411 595649
0 477 493089 0 1769876412 88746
0 478 483372 0 1769876412 572126
0 479 481273 0 1769876413 53407
0 480 489644 0 1769876413 543060
0 481 510421 0 1769876414 53489
0 482 483464 0 1769876414 536962
0 483 498697 0 1769876415 35667
0 484 482321 0 1769876415 518006
0 485 503898 0 1769876416 21913
0 486 471217 0 1769876416 493138
0 487 487844 0 1769876416 980991
0 488 501351 0 1769876417 482351
0 489 493602 0 1769876417 975962
0 490 495382 0 1769876418 471353
0 491 486447 0 1769876418 957808
0 492 485368 0 1769876419 443184
0 493 493334 0 1769876419 936526
0 494 489872 0 1769876420 426406
0 495 502835 0 1769876420 929249
0 496 479872 0 1769876421 409130
0 497 490827 0 1769876421 899965
0 498 494787 0 1769876422 394760
0 499 482401 0 1769876422 877169
0 500 468294 0 1769876423 345471
0 501 481892 0 1769876423 827371
0 502 499126 0 1769876424 326505
0 503 509917 0 1769876424 836502
0 504 505833 0 1769876425 342342
0 505 472529 0 1769876425 814879
0 506 501726 0 1769876426 316613
0 507 498734 0 1769876426 815356
0 508 488662 0 1769876427 304025
0 509 482211 0 1769876427 786245
0 510 514398 0 1769876428 300651
0 511 494432 0 1769876428 795091
0 512 488307 0 1769876429 283412
0 513 484384 0 1769876429 767805
0 514 498009 0 1769876430 265823
0 515 488435 0 1769876430 754266
0 516 501395 0 1769876431 255670
0 517 476263 0 1769876431 731941
0 518 504313 0 1769876432 236263
0 519 491521 0 1769876432 727800
0 520 492150 0 1769876433 219959
0 521 490426 0 1769876433 710393
0 522 501991 0 1769876434 212392
0 523 483549 0 1769876434 695950
0 524 490078 0 1769876435 186036
0 525 509397 0 1769876435 695441
0 526 482584 0 1769876436 178033
0 527 499397 0 1769876436 677438
0 528 493611 0 1769876437 171059
0 529 488375 0 1769876437 659450
0 530 479045 0 1769876438 138503
0 531 483412 0 1769876438 621923
0 532 501117 0 1769876439 123048
0 533 488567 0 1769876439 611623
0 534 496527 0 1769876440 108159
0 535 497226 0 1769876440 605393
0 536 486424 0 1769876441 91833
0 537 490419 0 1769876441 582261
0 538 482790 0 1769876442 65059
0 539 468151 0 1769876442 533218
0 540 480367 0 1769876443 13594
0 541 505286 0 1769876443 518888
0 542 472895 0 1769876443 991791
0 543 483324 0 1769876444 475123
0 544 507156 0 1769876444 982286
0 545 498838 0 1769876445 481133
0 546 480473 0 1769876445 961614
0 547 516780 0 1769876446 478402
0 548 483795 0 1769876446 962206
0 549 497721 0 1769876447 459935
0 550 463738 0 1769876447 923681
0 551 486182 0 1769876448 409871
0 552 456964 0 1769876448 866843
0 553 511120 0 1769876449 377971
0 554 492219 0 1769876449 870198
0 555 482369 0 1769876450 352575
0 556 490676 0 1769876450 843258
0 557 466286 0 1769876451 309553
0 558 480060 0 1769876451 789620
0 559 492725 0 1769876452 282354
0 560 473298 0 1769876452 755660
0 561 479948 0 1769876453 235616
0 562 501531 0 1769876453 737155
0 563 491966 0 1769876454 229130
0 564 486028 0 1769876454 715165
0 565 483202 0 1769876455 198377
0 566 479758 0 1769876455 678144
0 567 498297 0 1769876456 176449
0 568 490627 0 1769876456 667083
0 569 501873 0 1769876457 168965
0 570 476147 0 1769876457 645120
0 571 507568 0 1769876458 152696
0 572 488090 0 1769876458 640794
0 573 506832 0 1769876459 147635
0 574 476528 0 1769876459 624170
0 575 500585 0 1769876460 124763
0 576 484354 0 1769876460 609126
0 577 487842 0 1769876461 96976
0 578 481020 0 1769876461 578004
0 579 479939 0 1769876462 57951
0 580 489046 0 1769876462 547005
0 581 493227 0 1769876463 40240
0 582 484163 0 1769876463 524412
0 583 490431 0 1769876464 14851
0 584 468232 0 1769876464 483092
0 585 481252 0 1769876464 964353
0 586 517488 0 1769876465 481850
0 587 483341 0 1769876465 965198
0 588 499112 0 1769876466 464319
0 589 471299 0 1769876466 935626
0 590 504804 0 1769876467 440437
0 591 487377 0 1769876467 927823
0 592 494403 0 1769876468 422234
0 593 476795 0 1769876468 899038
0 594 481747 0 1769876469 380793
0 595 495754 0 1769876469 876557
0 596 482273 0 1769876470 358838
0 597 498277 0 1769876470 857123
0 598 489481 0 1769876471 346613
0 599 492061 0 1769876471 838682
0 600 492503 0 1769876472 331193
0 601 508992 0 1769876472 840193
0 602 484127 0 1769876473 324330
0 603 485345 0 1769876473 809689
0 604 475228 0 1769876474 284926
0 605 493818 0 1769876474 778762
0 606 488602 0 1769876475 267373
0 607 491309 0 1769876475 758690
0 608 479897 0 1769876476 238596
0 609 504274 0 1769876476 742879
0 610 491710 0 1769876477 234597
0 611 492697 0 1769876477 727307
0 612 480487 0 1769876478 207810
0 613 498263 0 1769876478 706082
0 614 497667 0 1769876479 203762
0 615 485011 0 1769876479 688781
0 616 493623 0 1769876480 182416
0 617 470007 0 1769876480 652431
0 618 501723 0 1769876481 154170
0 619 489709 0 1769876481 643888
0 620 487442 0 1769876482 131341
0 621 491402 0 1769876482 622751
0 622 496373 0 1769876483 119135
0 623 466655 0 1769876483 585802
0 624 491673 0 1769876484 77489
0 625 525842 0 1769876484 603339
0 626 493258 0 1769876485 96609
0 627 489333 0 1769876485 586025
0 628 483185 0 1769876486 69227
0 629 460273 0 1769876486 529510
0 630 502133 0 1769876487 31655
0 631 487676 0 1769876487 519339
0 632 493706 0 1769876488 13060
0 633 484778 0 1769876488 497846
0 634 474105 0 1769876488 971959
0 635 501606 0 1769876489 473574
0 636 487988 0 1769876489 961571
0 637 491145 0 1769876490 452724
0 638 484164 0 1769876490 936897
0 639 479099 0 1769876491 416005
0 640 491010 0 1769876491 907023
0 641 497415 0 1769876492 404446
0 642 480784 0 1769876492 885239
0 643 488626 0 1769876493 373874
0 644 473022 0 1769876493 846905
0 645 507018 0 1769876494 353931
0 646 486446 0 1769876494 840386
0 647 495857 0 1769876495 336251
0 648 480194 0 1769876495 816452
0 649 501394 0 1769876496 317854
0 650 485383 0 1769876496 803245
0 651 507140 0 1769876497 310394
0 652 478061 0 1769876497 788462
0 653 503577 0 1769876498 292047
0 654 487241 0 1769876498 779297
0 655 496037 0 1769876499 275342
0 656 507470 0 1769876499 782820
0 657 475990 0 1769876500 258819
0 658 494214 0 1769876500 753049
0 659 487207 0 1769876501 240264
0 660 485062 0 1769876501 725334
0 661 506348 0 1769876502 231690
0 662 484644 0 1769876502 716343
0 663 490488 0 1769876503 206839
0 664 479286 0 1769876503 686132
0 665 469498 0 1769876504 155639
0 666 482897 0 1769876504 638544
0 667 492169 0 1769876505 130720
0 668 504253 0 1769876505 634982
0 669 488513 0 1769876506 123503
0 670 491035 0 1769876506 614547
0 671 474856 0 1769876507 89411
0 672 500794 0 1769876507 590220
0 673 483248 0 1769876508 73480
0 674 488507 0 1769876508 562002
0 675 486875 0 1769876509 48888
0 676 481946 0 1769876509 530842
0 677 518184 0 1769876510 49036
0 678 483035 0 1769876510 532079
0 679 486766 0 1769876511 18856
0 680 472017 0 1769876511 490881
0 681 497808 0 1769876511 988699
0 682 488717 0 1769876512 477425
0 683 483413 0 1769876512 960849
0 684 480803 0 1769876513 441665
0 685 475866 0 1769876513 917539
0 686 504272 0 1769876514 421819
0 687 487092 0 1769876514 908919
0 688 487563 0 1769876515 396489
0 689 467485 0 1769876515 863983
0 690 468211 0 1769876516 332202
0 691 454811 0 1769876516 787022
0 692 478355 0 1769876517 265385
0 693 491966 0 1769876517 757358
0 694 496579 0 1769876518 253946
0 695 483970 0 1769876518 737924
0 696 498252 0 1769876519 236186
0 697 472074 0 1769876519 708268
0 698 500155 0 1769876520 208431
0 699 480263 0 1769876520 688703
0 700 492579 0 1769876521 181290
0 701 486143 0 1769876521 667441
0 702 479496 0 1769876522 146945
0 703 511156 0 1769876522 658109
0 704 472433 0 1769876523 130550
0 705 481135 0 1769876523 611693
0 706 506540 0 1769876524 118241
0 707 480707 0 1769876524 598957
0 708 491075 0 1769876525 90041
0 709 502081 0 1769876525 592130
0 710 480154 0 1769876526 72294
0 711 502783 0 1769876526 575086
0 712 491000 0 1769876527 66099
0 713 484350 0 1769876527 550459
0 714 485439 0 1769876528 35907
0 715 478223 0 1769876528 514138
0 716 455505 0 1769876528 969656
0 717 507003 0 1769876529 476668
0 718 480850 0 1769876529 957526
0 719 473915 0 1769876530 431451
0 720 472990 0 1769876530 904449
0 721 517645 0 1769876531 422104
0 722 489334 0 1769876531 911446
0 723 484012 0 1769876532 395466
0 724 483239 0 1769876532 878719
0 725 503981 0 1769876533 382708
0 726 483583 0 1769876533 866300
0 727 491473 0 1769876534 357781
0 728 479737 0 1769876534 837527
0 729 494476 0 1769876535 332010
0 730 495371 0 1769876535 827390
0 731 486995 0 1769876536 314393
0 732 480571 0 1769876536 794972
0 733 496506 0 1769876537 291487
0 734 460843 0 1769876537 752338
0 735 459275 0 1769876538 211622
0 736 473775 0 1769876538 685405
0 737 508437 0 1769876539 193858
0 738 498148 0 1769876539 692014
0 739 478662 0 1769876540 170685
0 740 491022 0 1769876540 661714
0 741 472816 0 1769876541 134540
0 742 493649 0 1769876541 628204
0 743 491762 0 1769876542 119976
0 744 487846 0 1769876542 607829
0 745 502841 0 1769876543 110679
0 746 493142 0 1769876543 603830
0 747 490516 0 1769876544 94354
0 748 480807 0 1769876544 575168
0 749 473153 0 1769876545 48330
0 750 513326 0 1769876545 561664
0 751 468996 0 1769876546 30669
0 752 486417 0 1769876546 517167
0 753 463168 0 1769876546 980350
0 754 511604 0 1769876547 491962
0 755 511990 0 1769876548 3961
0 756 500654 0 1769876548 504623
0 757 907293 0 1769876549 411926
0 758 572359 0 1769876549 984296
0 759 555530 0 1769876550 539834
0 760 546720 0 1769876551 86563
0 761 568697 0 1769876551 655268
0 762 549137 0 1769876552 204421
0 763 546083 0 1769876552 750512
0 764 560713 0 1769876553 311237
0 765 534717 0 1769876553 845966
0 766 544580 0 1769876554 390554
0 767 534878 0 1769876554 925441
0 768 530972 0 1769876555 456420
0 769 558173 0 1769876556 14604
0 770 547987 0 1769876556 562599
0 771 541583 0 1769876557 104197
0 772 553413 0 1769876557 657619
0 773 522552 0 1769876558 180181
0 774 548237 0 1769876558 728427
0 775 560695 0 1769876559 289131
0 776 542486 0 1769876559 831626
0 777 551016 0 1769876560 382651
0 778 558163 0 1769876560 940825
0 779 543050 0 1769876561 483884
0 780 546574 0 1769876562 30474
0 781 574356 0 1769876562 604839
0 782 554670 0 1769876563 159517
0 783 531297 0 1769876563 690821
0 784 541018 0 1769876564 231847
0 785 551165 0 1769876564 783020
0 786 552731 0 1769876565 335760
0 787 550525 0 1769876565 886294
0 788 538709 0 1769876566 425011
0 789 550453 0 1769876566 975472
0 790 538279 0 1769876567 513759
0 791 534602 0 1769876568 48370
0 792 554966 0 1769876568 603343
0 793 555243 0 1769876569 158595
0 794 547566 0 1769876569 706169
0 795 567556 0 1769876570 273734
0 796 542937 0 1769876570 816684
0 797 525786 0 1769876571 342479
0 798 544212 0 1769876571 886704
0 799 555579 0 1769876572 442295
0 800 544122 0 1769876572 986429
0 801 545879 0 1769876573 532317
0 802 561136 0 1769876574 93463
0 803 536520 0 1769876574 629991
0 804 543982 0 1769876575 173982
0 805 560292 0 1769876575 734282
0 806 547096 0 1769876576 281388
0 807 552841 0 1769876576 834239
0 808 558659 0 1769876577 392911
0 809 550565 0 1769876577 943488
0 810 551477 0 1769876578 494974
0 811 549378 0 1769876579 44362
0 812 547544 0 1769876579 591915
0 813 543465 0 1769876580 135389
0 814 559677 0 1769876580 695075
0 815 569603 0 1769876581 264688
0 816 543905 0 1769876581 808604
0 817 558948 0 1769876582 367565
0 818 547977 0 1769876582 915552
0 819 543854 0 1769876583 459415
0 820 557617 0 1769876584 17043
0 821 553895 0 1769876584 570947
0 822 536475 0 1769876585 107433
0 823 575529 0 1769876585 682970
0 824 555680 0 1769876586 238660
0 825 545449 0 1769876586 784126
0 826 516737 0 1769876587 300870
0 827 559843 0 1769876587 860721
0 828 543664 0 1769876588 404393
0 829 549260 0 1769876588 953662
0 830 558318 0 1769876589 511989
0 831 545244 0 1769876590 57251
0 832 545056 0 1769876590 602315
0 833 572133 0 1769876591 174465
0 834 549595 0 1769876591 724069
0 835 537313 0 1769876592 261398
0 836 556824 0 1769876592 818234
0 837 542519 0 1769876593 360764
0 838 544335 0 1769876593 905110
0 839 560570 0 1769876594 465689
0 840 543361 0 1769876595 9060
0 841 567960 0 1769876595 577028
0 842 547607 0 1769876596 124646
0 843 539599 0 1769876596 664254
0 844 560089 0 1769876597 224360
0 845 554747 0 1769876597 779119
0 846 541754 0 1769876598 320889
0 847 555378 0 1769876598 876275
0 848 548948 0 1769876599 425230
0 849 545850 0 1769876599 971088
0 850 553883 0 1769876600 524980
0 851 536150 0 1769876601 61138
0 852 542698 0 1769876601 603844
0 853 556698 0 1769876602 160551
0 854 545830 0 1769876602 706389
0 855 539169 0 1769876603 245579
0 856 558150 0 1769876603 803741
0 857 544084 0 1769876604 347833
0 858 538970 0 1769876604 886814
0 859 584661 0 1769876605 471483
0 860 543458 0 1769876606 14952
0 861 532566 0 1769876606 547526
0 862 545222 0 1769876607 92757
0 863 560237 0 1769876607 653009
0 864 553960 0 1769876608 206982
0 865 538867 0 1769876608 745857
0 866 561433 0 1769876609 307301
0 867 548496 0 1769876609 855807
0 868 546483 0 1769876610 402299
0 869 564991 0 1769876610 967305
0 870 548888 0 1769876611 516201
0 871 541320 0 1769876612 57530
0 872 555525 0 1769876612 613062
0 873 556174 0 1769876613 169248
0 874 544442 0 1769876613 713700
0 875 554179 0 1769876614 267889
0 876 546958 0 1769876614 814931
0 877 545776 0 1769876615 360715
0 878 563897 0 1769876615 924621
0 879 555178 0 1769876616 479808
0 880 543017 0 1769876617 22834
0 881 562892 0 1769876617 585733
0 882 552212 0 1769876618 137955
0 883 534793 0 1769876618 672757
0 884 561155 0 1769876619 233921
0 885 554492 0 1769876619 788427
0 886 537674 0 1769876620 326111
0 887 546464 0 1769876620 872584
0 888 557755 0 1769876621 430348
0 889 544197 0 1769876621 974555
0 890 532493 0 1769876622 507056
0 891 547609 0 1769876623 54674
0 892 560472 0 1769876623 615154
0 893 547530 0 1769876624 162694
0 894 547452 0 1769876624 710160
0 895 562195 0 1769876625 272365
0 896 561306 0 1769876625 833679
0 897 540476 0 1769876626 374165
0 898 550075 0 1769876626 924250
0 899 547876 0 1769876627 472135
0 900 527693 0 1769876627 999837
0 901 543480 0 1769876628 543325
0 902 561426 0 1769876629 104762
0 903 553185 0 1769876629 657955
0 904 543663 0 1769876630 201631
0 905 552528 0 1769876630 754167
0 906 550562 0 1769876631 304737
0 907 540599 0 1769876631 845348
0 908 564679 0 1769876632 410036
0 909 545177 0 1769876632 955224
0 910 548534 0 1769876633 503765
0 911 566478 0 1769876634 70252
0 912 548251 0 1769876634 618512
0 913 539542 0 1769876635 158067
0 914 552993 0 1769876635 711068
0 915 553311 0 1769876636 264387
0 916 546717 0 1769876636 811113
0 917 552122 0 1769876637 363244
0 918 545400 0 1769876637 908653
0 919 535754 0 1769876638 444416
0 920 559533 0 1769876639 3958
0 921 545891 0 1769876639 549857
0 922 547968 0 1769876640 97839
0 923 526354 0 1769876640 624201
0 924 554203 0 1769876641 178413
0 925 546256 0 1769876641 724678
0 926 536778 0 1769876642 261465
0 927 556360 0 1769876642 817833
0 928 543703 0 1769876643 361545
0 929 543394 0 1769876643 904948
0 930 558592 0 1769876644 463548
0 931 544425 0 1769876645 7987
0 932 557200 0 1769876645 565195
0 933 556176 0 1769876646 121381
0 934 555837 0 1769876646 677226
0 935 545370 0 1769876647 222605
0 936 546769 0 1769876647 769383
0 937 579060 0 1769876648 348462
0 938 543678 0 1769876648 892148
0 939 556260 0 1769876649 448416
0 940 549589 0 1769876649 998013
0 941 544145 0 1769876650 542166
0 942 554690 0 1769876651 96864
0 943 552643 0 1769876651 649523
0 944 549432 0 1769876652 198965
0 945 496352 0 1769876652 695333
0 946 487573 0 1769876653 182917
0 947 481425 0 1769876653 664351
0 948 509828 0 1769876654 174187
0 949 481476 0 1769876654 655671
0 950 499884 0 1769876655 155564
0 951 488787 0 1769876655 644360
0 952 501772 0 1769876656 146140
0 953 484320 0 1769876656 630468
0 954 493103 0 1769876657 123580
0 955 483303 0 1769876657 606890
0 956 474703 0 1769876658 81602
0 957 508719 0 1769876658 590329
0 958 465622 0 1769876659 55959
0 959 481430 0 1769876659 537397
0 960 505906 0 1769876660 43311
0 961 510146 0 1769876660 553465
0 962 486574 0 1769876661 40047
0 963 522583 0 1769876661 562638
0 964 485640 0 1769876662 48286
0 965 487054 0 1769876662 535347
0 966 478595 0 1769876663 13951
0 967 498022 0 1769876663 511981
0 968 489468 0 1769876664 1465
0 969 478391 0 1769876664 479864
0 970 479869 0 1769876664 959748
0 971 514645 0 1769876665 474401
0 972 507954 0 1769876665 982363
0 973 489126 0 1769876666 471497
0 974 485523 0 1769876666 957029
0 975 509816 0 1769876667 466854
0 976 495486 0 1769876667 962349
0 977 516634 0 1769876668 478991
0 978 468604 0 1769876668 947603
0 979 488595 0 1769876669 436206
0 980 502847 0 1769876669 939061
0 981 501356 0 1769876670 440426
0 982 481216 0 1769876670 921651
0 983 494607 0 1769876671 416266
0 984 482783 0 1769876671 899058
0 985 500655 0 1769876672 399721
0 986 487883 0 1769876672 887629
0 987 496987 0 1769876673 384624
0 988 478385 0 1769876673 863017
0 989 486178 0 1769876674 349203
0 990 487200 0 1769876674 836411
0 991 501928 0 1769876675 338346
0 992 484064 0 1769876675 822419
0 993 492085 0 1769876676 314512
0 994 470224 0 1769876676 784744
0 995 495205 0 1769876677 279958
0 996 488438 0 1769876677 768404
0 997 493063 0 1769876678 261475
0 998 478320 0 1769876678 739804
0 999 481549 0 1769876679 221362
0 1000 502646 0 1769876679 724016
