0 1 1314216 0 1769875659 911222
0 2 537307 0 1769875660 448545
0 3 500156 0 1769875660 948710
0 4 487812 0 1769875661 436531
0 5 499433 0 1769875661 935973
0 6 494734 0 1769875662 430715
0 7 488951 0 1769875662 919679
0 8 498643 0 1769875663 418332
0 9 501682 0 1769875663 920023
0 10 489675 0 1769875664 409706
0 11 502621 0 1769875664 912336
0 12 504718 0 1769875665 417062
0 13 503428 0 1769875665 920498
0 14 503187 0 1769875666 423694
0 15 500773 0 1769875666 924482
0 16 501658 0 1769875667 426149
0 17 493435 0 1769875667 919599
0 18 508772 0 1769875668 428378
0 19 487003 0 1769875668 915390
0 20 501835 0 1769875669 417232
0 21 499013 0 1769875669 916255
0 22 493302 0 1769875670 409565
0 23 506258 0 1769875670 915832
0 24 501111 0 1769875671 416951
0 25 491927 0 1769875671 908890
0 26 500024 0 1769875672 408923
0 27 519030 0 1769875672 927962
0 28 507613 0 1769875673 435583
0 29 483961 0 1769875673 919552
0 30 502236 0 1769875674 421796
0 31 491039 0 1769875674 912843
0 32 499535 0 1769875675 412387
0 33 483325 0 1769875675 895719
0 34 502198 0 1769875676 397944
0 35 496022 0 1769875676 893974
0 36 495200 0 1769875677 389182
0 37 496430 0 1769875677 885620
0 38 496964 0 1769875678 382591
0 39 486742 0 1769875678 869342
0 40 486749 0 1769875679 356099
0 41 505947 0 1769875679 862054
0 42 482935 0 1769875680 344997
0 43 503204 0 1769875680 848209
0 44 488767 0 1769875681 336984
0 45 493722 0 1769875681 830714
0 46 480871 0 1769875682 311593
0 47 502078 0 1769875682 813680
0 48 485400 0 1769875683 299087
0 49 497412 0 1769875683 796508
0 50 492879 0 1769875684 289396
0 51 500865 0 1769875684 790269
0 52 506383 0 1769875685 296660
0 53 514513 0 1769875685 811181
0 54 483612 0 1769875686 294800
0 55 528625 0 1769875686 823439
0 56 504315 0 1769875687 327762
0 57 492327 0 1769875687 820097
0 58 490814 0 1769875688 310920
0 59 501830 0 1769875688 812760
0 60 487149 0 1769875689 299918
0 61 492963 0 1769875689 792897
0 62 489986 0 1769875690 282891
0 63 493705 0 1769875690 776611
0 64 489557 0 1769875691 266178
0 65 498352 0 1769875691 764538
0 66 496891 0 1769875692 261439
0 67 490064 0 1769875692 751511
0 68 502554 0 1769875693 254074
0 69 504626 0 1769875693 758708
0 70 487685 0 1769875694 246403
0 71 500024 0 1769875694 746434
0 72 508653 0 1769875695 255104
0 73 487159 0 1769875695 742274
0 74 492996 0 1769875696 235280
0 75 501916 0 1769875696 737210
0 76 489770 0 1769875697 226991
0 77 497188 0 1769875697 724187
0 78 493999 0 1769875698 218200
0 79 506327 0 1769875698 724535
0 80 488341 0 1769875699 212883
0 81 505458 0 1769875699 718350
0 82 489253 0 1769875700 207612
0 83 491692 0 1769875700 699312
0 84 491264 0 1769875701 190585
0 85 493061 0 1769875701 683653
0 86 487554 0 1769875702 171216
0 87 500614 0 1769875702 671838
0 88 492265 0 1769875703 164118
0 89 496170 0 1769875703 660298
0 90 488409 0 1769875704 148716
0 91 507073 0 1769875704 655797
0 92 488460 0 1769875705 144265
0 93 498628 0 1769875705 642901
0 94 501928 0 1769875706 144839
0 95 491094 0 1769875706 635942
0 96 501631 0 1769875707 137583
0 97 489310 0 1769875707 626901
0 98 489772 0 1769875708 116686
0 99 490199 0 1769875708 606897
0 100 499525 0 1769875709 106432
0 101 495280 0 1769875709 601720
0 102 487941 0 1769875710 89670
0 103 501592 0 1769875710 591270
0 104 493890 0 1769875711 85169
0 105 512525 0 1769875711 597701
0 106 485869 0 1769875712 83579
0 107 496256 0 1769875712 579844
0 108 499441 0 1769875713 79295
0 109 484456 0 1769875713 563762
0 110 498685 0 1769875714 62457
0 111 492701 0 1769875714 555166
0 112 495365 0 1769875715 50539
0 113 495929 0 1769875715 546476
0 114 494577 0 1769875716 41062
0 115 494892 0 1769875716 535962
0 116 496332 0 1769875717 32305
0 117 496346 0 1769875717 528659
0 118 489690 0 1769875718 18357
0 119 507782 0 1769875718 526147
0 120 493910 0 1769875719 20065
0 121 530293 0 1769875719 550366
0 122 509605 0 1769875720 59986
0 123 495351 0 1769875720 555353
0 124 510750 0 1769875721 66112
0 125 485310 0 1769875721 551431
0 126 494561 0 1769875722 46000
0 127 508864 0 1769875722 554872
0 128 492378 0 1769875723 47258
0 129 495830 0 1769875723 543160
0 130 490648 0 1769875724 33816
0 131 501384 0 1769875724 535209
0 132 524070 0 1769875725 59287
0 133 481451 0 1769875725 540745
0 134 489778 0 1769875726 30532
0 135 499233 0 1769875726 529772
0 136 491528 0 1769875727 21308
0 137 465499 0 1769875727 486816
0 138 480726 0 1769875727 967550
0 139 490389 0 1769875728 457947
0 140 489637 0 1769875728 947592
0 141 483495 0 1769875729 431095
0 142 495283 0 1769875729 926386
0 143 485566 0 1769875730 411960
0 144 490816 0 1769875730 902784
0 145 483890 0 1769875731 386682
0 146 497501 0 1769875731 884191
0 147 481894 0 1769875732 366095
0 148 497696 0 1769875732 863799
0 149 488081 0 1769875733 351888
0 150 494699 0 1769875733 846595
0 151 487801 0 1769875734 334405
0 152 505409 0 1769875734 839822
0 153 487281 0 1769875735 327111
0 154 493803 0 1769875735 820922
0 155 484505 0 1769875736 305435
0 156 494419 0 1769875736 799862
0 157 506908 0 1769875737 306778
0 158 491566 0 1769875737 798352
0 159 491731 0 1769875738 290092
0 160 491546 0 1769875738 781646
0 161 490986 0 1769875739 272641
0 162 491566 0 1769875739 764214
0 163 499922 0 1769875740 264145
0 164 492030 0 1769875740 756183
0 165 498122 0 1769875741 254313
0 166 481994 0 1769875741 736315
0 167 482972 0 1769875742 219295
0 168 486437 0 1769875742 705740
0 169 490065 0 1769875743 195814
0 170 487175 0 1769875743 682997
0 171 496194 0 1769875744 179199
0 172 500611 0 1769875744 679818
0 173 484103 0 1769875745 163929
0 174 492598 0 1769875745 656535
0 175 485841 0 1769875746 142389
0 176 495883 0 1769875746 638279
0 177 489301 0 1769875747 127589
0 178 493802 0 1769875747 621400
0 179 482547 0 1769875748 103955
0 180 495186 0 1769875748 599149
0 181 491007 0 1769875749 90165
0 182 490419 0 1769875749 580593
0 183 502895 0 1769875750 83495
0 184 492349 0 1769875750 575853
0 185 492093 0 1769875751 67955
0 186 503634 0 1769875751 571598
0 187 489086 0 1769875752 60697
0 188 489420 0 1769875752 550124
0 189 483006 0 1769875753 33146
0 190 498882 0 1769875753 532036
0 191 485873 0 1769875754 17918
0 192 491386 0 1769875754 509312
0 193 496399 0 1769875755 5719
0 194 492950 0 1769875755 498676
0 195 490219 0 1769875755 988904
0 196 494382 0 1769875756 483293
0 197 486871 0 1769875756 970173
0 198 488022 0 1769875757 458204
0 199 484847 0 1769875757 943059
0 200 491187 0 1769875758 434254
0 201 498444 0 1769875758 932705
0 202 488750 0 1769875759 421464
0 203 502920 0 1769875759 924392
0 204 515847 0 1769875760 440247
0 205 494962 0 1769875760 935217
0 206 491333 0 1769875761 426557
0 207 493256 0 1769875761 919822
0 208 481837 0 1769875762 401667
0 209 506088 0 1769875762 907763
0 210 488484 0 1769875763 396255
0 211 489415 0 1769875763 885679
0 212 477735 0 1769875764 363422
0 213 511067 0 1769875764 874497
0 214 483184 0 1769875765 357690
0 215 487332 0 1769875765 845030
0 216 482805 0 1769875766 327843
0 217 499336 0 1769875766 827195
0 218 480651 0 1769875767 307854
0 219 488068 0 1769875767 795930
0 220 489712 0 1769875768 285650
0 221 492487 0 1769875768 778149
0 222 487208 0 1769875769 265365
0 223 497696 0 1769875769 763076
0 224 487819 0 1769875770 250903
0 225 489117 0 1769875770 740028
0 226 492548 0 1769875771 232584
0 227 489289 0 1769875771 721881
0 228 487312 0 1769875772 209201
0 229 500874 0 1769875772 710083
0 230 489190 0 1769875773 199281
0 231 488643 0 1769875773 687932
0 232 495695 0 1769875774 183635
0 233 496060 0 1769875774 679703
0 234 489049 0 1769875775 168760
0 235 506319 0 1769875775 675087
0 236 484505 0 1769875776 159600
0 237 491967 0 1769875776 651575
0 238 487515 0 1769875777 139099
0 239 493558 0 1769875777 632665
0 240 483524 0 1769875778 116196
0 241 507340 0 1769875778 623545
0 242 492011 0 1769875779 115564
0 243 499096 0 1769875779 614668
0 244 477235 0 1769875780 91912
0 245 505057 0 1769875780 596977
0 246 498336 0 1769875781 95325
0 247 486331 0 1769875781 581664
0 248 485038 0 1769875782 66710
0 249 483644 0 1769875782 550362
0 250 503443 0 1769875783 53813
0 251 490543 0 1769875783 544363
0 252 492593 0 1769875784 36964
0 253 480920 0 1769875784 517893
0 254 491714 0 1769875785 9681
0 255 510834 0 1769875785 520524
0 256 482115 0 1769875786 2646
0 257 491634 0 1769875786 494289
0 258 486692 0 1769875786 980989
0 259 482966 0 1769875787 463963
0 260 502959 0 1769875787 966930
0 261 510023 0 1769875788 476960
0 262 487704 0 1769875788 964673
0 263 490877 0 1769875789 455558
0 264 490643 0 1769875789 946210
0 265 488140 0 1769875790 434358
0 266 484108 0 1769875790 918473
0 267 489479 0 1769875791 407960
0 268 470917 0 1769875791 878886
0 269 495479 0 1769875792 374373
0 270 488290 0 1769875792 862671
0 271 486541 0 1769875793 349220
0 272 489931 0 1769875793 839159
0 273 484442 0 1769875794 323609
0 274 491868 0 1769875794 815485
0 275 494036 0 1769875795 309530
0 276 483673 0 1769875795 793210
0 277 489187 0 1769875796 282405
0 278 473589 0 1769875796 756003
0 279 502352 0 1769875797 258363
0 280 483020 0 1769875797 741391
0 281 494108 0 1769875798 235508
0 282 485775 0 1769875798 721291
0 283 478364 0 1769875799 199664
0 284 489997 0 1769875799 689669
0 285 490244 0 1769875800 179921
0 286 490660 0 1769875800 670588
0 287 495848 0 1769875801 166445
0 288 476263 0 1769875801 642716
0 289 499649 0 1769875802 142373
0 290 489366 0 1769875802 631746
0 291 492890 0 1769875803 124645
0 292 474689 0 1769875803 599342
0 293 479844 0 1769875804 79193
0 294 504628 0 1769875804 583830
0 295 498404 0 1769875805 82247
0 296 484962 0 1769875805 567218
0 297 488737 0 1769875806 55965
0 298 472261 0 1769875806 528238
0 299 500448 0 1769875807 28695
0 300 490327 0 1769875807 519030
0 301 490994 0 1769875808 10033
0 302 493073 0 1769875808 503115
0 303 496844 0 1769875808 999968
0 304 485450 0 1769875809 485426
0 305 486493 0 1769875809 971928
0 306 470582 0 1769875810 442518
0 307 506911 0 1769875810 949437
0 308 483466 0 1769875811 432919
0 309 489621 0 1769875811 922550
0 310 482603 0 1769875812 405162
0 311 486958 0 1769875812 892128
0 312 486397 0 1769875813 378534
0 313 506986 0 1769875813 885529
0 314 478035 0 1769875814 363572
0 315 487535 0 1769875814 851117
0 316 478101 0 1769875815 329226
0 317 496059 0 1769875815 825293
0 318 483061 0 1769875816 308362
0 319 492250 0 1769875816 800624
0 320 479616 0 1769875817 280248
0 321 478310 0 1769875817 758566
0 322 491532 0 1769875818 250107
0 323 487627 0 1769875818 737742
0 324 480451 0 1769875819 218201
0 325 488456 0 1769875819 706666
0 326 477929 0 1769875820 184603
0 327 500624 0 1769875820 685235
0 328 486532 0 1769875821 171776
0 329 494861 0 1769875821 666651
0 330 480009 0 1769875822 146669
0 331 497628 0 1769875822 644306
0 332 488020 0 1769875823 132334
0 333 487481 0 1769875823 619824
0 334 481827 0 1769875824 101659
0 335 485421 0 1769875824 587087
0 336 510714 0 1769875825 97810
0 337 486688 0 1769875825 584506
0 338 490122 0 1769875826 74637
0 339 505292 0 1769875826 579943
0 340 472368 0 1769875827 52326
0 341 506695 0 1769875827 559030
0 342 496661 0 1769875828 55699
0 343 488484 0 1769875828 544191
0 344 487939 0 1769875829 32138
0 345 475364 0 1769875829 507510
0 346 499733 0 1769875830 7251
0 347 491850 0 1769875830 499109
0 348 480346 0 1769875830 979462
0 349 479315 0 1769875831 458786
0 350 482562 0 1769875831 941361
0 351 494004 0 1769875832 435374
0 352 493518 0 1769875832 928901
0 353 481602 0 1769875833 410511
0 354 496137 0 1769875833 906656
0 355 480672 0 1769875834 387337
0 356 507945 0 1769875834 895290
0 357 485388 0 1769875835 380686
0 358 493839 0 1769875835 874533
0 359 465300 0 1769875836 339842
0 360 501348 0 1769875836 841198
0 361 514180 0 1769875837 355385
0 362 485698 0 1769875837 841092
0 363 491075 0 1769875838 332176
0 364 503146 0 1769875838 835336
0 365 508154 0 1769875839 343498
0 366 484077 0 1769875839 827583
0 367 479609 0 1769875840 307200
0 368 506857 0 1769875840 814066
0 369 496438 0 1769875841 310513
0 370 497276 0 1769875841 807803
0 371 472611 0 1769875842 280423
0 372 508087 0 1769875842 788518
0 373 486186 0 1769875843 274712
0 374 492463 0 1769875843 767184
0 375 488038 0 1769875844 255231
0 376 484264 0 1769875844 739504
0 377 493081 0 1769875845 232594
0 378 495454 0 1769875845 728056
0 379 486024 0 1769875846 214146
0 380 487395 0 1769875846 701550
0 381 480029 0 1769875847 181595
0 382 500340 0 1769875847 681942
0 383 488445 0 1769875848 170396
0 384 500851 0 1769875848 671255
0 385 480730 0 1769875849 151993
0 386 482019 0 1769875849 634020
0 387 498502 0 1769875850 132530
0 388 491808 0 1769875850 624345
0 389 486291 0 1769875851 110645
0 390 496126 0 1769875851 606779
0 391 488761 0 1769875852 95548
0 392 498062 0 1769875852 593618
0 393 486487 0 1769875853 80113
0 394 500531 0 1769875853 580652
0 395 472875 0 1769875854 53536
0 396 502134 0 1769875854 555678
0 397 487242 0 1769875855 42928
0 398 491121 0 1769875855 534058
0 399 487012 0 1769875856 21078
0 400 476522 0 1769875856 497608
0 401 500952 0 1769875856 998568
0 402 483877 0 1769875857 482453
0 403 492099 0 1769875857 974560
0 404 478478 0 1769875858 453046
0 405 482216 0 1769875858 935270
0 406 500732 0 1769875859 436010
0 407 484341 0 1769875859 920359
0 408 484133 0 1769875860 404500
0 409 487665 0 1769875860 892173
0 410 471314 0 1769875861 363495
0 411 502048 0 1769875861 865551
0 412 485624 0 1769875862 351183
0 413 488950 0 1769875862 840142
0 414 481218 0 1769875863 321377
0 415 477352 0 1769875863 798738
0 416 502674 0 1769875864 301420
0 417 510695 0 1769875864 812124
0 418 486287 0 1769875865 298419
0 419 491907 0 1769875865 790334
0 420 471311 0 1769875866 261653
0 421 497134 0 1769875866 758796
0 422 486723 0 1769875867 245526
0 423 489186 0 1769875867 734721
0 424 481285 0 1769875868 216014
0 425 483553 0 1769875868 699574
0 426 501331 0 1769875869 200914
0 427 486902 0 1769875869 687824
0 428 491569 0 1769875870 179401
0 429 482914 0 1769875870 662327
0 430 478599 0 1769875871 140935
0 431 457821 0 1769875871 598764
0 432 495569 0 1769875872 94341
0 433 481984 0 1769875872 576334
0 434 488305 0 1769875873 64647
0 435 480682 0 1769875873 545343
0 436 480544 0 1769875874 25897
0 437 489986 0 1769875874 515892
0 438 490285 0 1769875875 6191
0 439 486862 0 1769875875 493062
0 440 486053 0 1769875875 979124
0 441 470250 0 1769875876 449382
0 442 507371 0 1769875876 956763
0 443 501974 0 1769875877 458746
0 444 484350 0 1769875877 943105
0 445 487303 0 1769875878 430416
0 446 480969 0 1769875878 911394
0 447 497811 0 1769875879 409213
0 448 492074 0 1769875879 901302
0 449 487895 0 1769875880 389209
0 450 477275 0 1769875880 866495
0 451 474358 0 1769875881 340862
0 452 492933 0 1769875881 833807
0 453 485811 0 1769875882 319630
0 454 482650 0 1769875882 802290
0 455 490993 0 1769875883 293291
0 456 478172 0 1769875883 771473
0 457 495975 0 1769875884 267456
0 458 493187 0 1769875884 760650
0 459 492296 0 1769875885 252955
0 460 481646 0 1769875885 734608
0 461 480734 0 1769875886 215352
0 462 498061 0 1769875886 713421
0 463 490195 0 1769875887 203630
0 464 491767 0 1769875887 695410
0 465 477835 0 1769875888 173253
0 466 481044 0 1769875888 654306
0 467 509331 0 1769875889 163646
0 468 486052 0 1769875889 649706
0 469 505104 0 1769875890 154817
0 470 475250 0 1769875890 630076
0 471 498134 0 1769875891 128217
0 472 488349 0 1769875891 616575
0 473 488122 0 1769875892 104705
0 474 477925 0 1769875892 582642
0 475 477457 0 1769875893 60108
0 476 502938 0 1769875893 563054
0 477 484274 0 1769875894 47336
0 478 487020 0 1769875894 534364
0 479 480213 0 1769875895 14585
0 480 486698 0 1769875895 501291
0 481 511249 0 1769875896 12548
0 482 488181 0 1769875896 500738
0 483 492197 0 1769875896 992944
0 484 476848 0 1769875897 469802
0 485 481484 0 1769875897 951294
0 486 507288 0 1769875898 458590
0 487 492666 0 1769875898 951264
0 488 487452 0 1769875899 438725
0 489 488085 0 1769875899 926819
0 490 470059 0 1769875900 396886
0 491 492321 0 1769875900 889214
0 492 496132 0 1769875901 385355
0 493 481224 0 1769875901 866587
0 494 490133 0 1769875902 356728
0 495 495487 0 1769875902 852224
0 496 498390 0 1769875903 350621
0 497 487382 0 1769875903 838012
0 498 488702 0 1769875904 326722
0 499 502248 0 1769875904 828978
0 500 475090 0 1769875905 304076
0 501 496171 0 1769875905 800255
0 502 467065 0 1769875906 267329
0 503 484498 0 1769875906 751906
0 504 489349 0 1769875907 241263
0 505 500058 0 1769875907 741330
0 506 484824 0 1769875908 226161
0 507 486539 0 1769875908 712709
0 508 478920 0 1769875909 191637
0 509 503103 0 1769875909 694748
0 510 487902 0 1769875910 182658
0 511 489467 0 1769875910 672134
0 512 481248 0 1769875911 153399
0 513 481998 0 1769875911 635405
0 514 498458 0 1769875912 133871
0 515 492254 0 1769875912 626133
0 516 481505 0 1769875913 107645
0 517 492096 0 1769875913 599750
0 518 475539 0 1769875914 75297
0 519 503812 0 1769875914 579117
0 520 490212 0 1769875915 69337
0 521 507486 0 1769875915 576832
0 522 472853 0 1769875916 49693
0 523 492222 0 1769875916 541923
0 524 490626 0 1769875917 32566
0 525 489544 0 1769875917 522118
0 526 476725 0 1769875917 998854
0 527 500618 0 1769875918 499482
0 528 489748 0 1769875918 989240
0 529 482097 0 1769875919 471345
0 530 483211 0 1769875919 954565
0 531 475808 0 1769875920 430382
0 532 489895 0 1769875920 920287
0 533 500034 0 1769875921 420329
0 534 481142 0 1769875921 901480
0 535 485605 0 1769875922 387094
0 536 474513 0 1769875922 861620
0 537 502131 0 1769875923 363760
0 538 484000 0 1769875923 847771
0 539 479938 0 1769875924 327717
0 540 492517 0 1769875924 820258
0 541 480621 0 1769875925 300887
0 542 488734 0 1769875925 789631
0 543 487668 0 1769875926 277309
0 544 482422 0 1769875926 759739
0 545 487034 0 1769875927 246783
0 546 472689 0 1769875927 719484
0 547 514537 0 1769875928 234032
0 548 481746 0 1769875928 715792
0 549 494577 0 1769875929 210378
0 550 473841 0 1769875929 684227
0 551 498555 0 1769875930 182798
0 552 484916 0 1769875930 667722
0 553 486342 0 1769875931 154088
0 554 482690 0 1769875931 636786
0 555 478849 0 1769875932 115643
0 556 500262 0 1769875932 615914
0 557 484738 0 1769875933 100661
0 558 485237 0 1769875933 585906
0 559 484866 0 1769875934 70781
0 560 474162 0 1769875934 544951
0 561 489492 0 1769875935 34451
0 562 486419 0 1769875935 520878
0 563 486091 0 1769875936 6977
0 564 484648 0 1769875936 491634
0 565 474262 0 1769875936 965904
0 566 495389 0 1769875937 461301
0 567 485627 0 1769875937 946936
0 568 491131 0 1769875938 438075
0 569 482190 0 1769875938 920274
0 570 480285 0 1769875939 400566
0 571 501162 0 1769875939 901737
0 572 485314 0 1769875940 387059
0 573 496449 0 1769875940 883523
0 574 486427 0 1769875941 369958
0 575 495093 0 1769875941 865059
0 576 482186 0 1769875942 347253
0 577 490381 0 1769875942 837644
0 578 471258 0 1769875943 308910
0 579 501228 0 1769875943 810147
0 580 483962 0 1769875944 294118
0 581 494915 0 1769875944 789041
0 582 487437 0 1769875945 276486
0 583 477461 0 1769875945 753955
0 584 488521 0 1769875946 242484
0 585 492686 0 1769875946 735178
0 586 483766 0 1769875947 218952
0 587 484838 0 1769875947 703798
0 588 964816 0 1769875948 668627
0 589 605668 0 1769875949 274307
0 590 555712 0 1769875949 830031
0 591 543781 0 1769875950 373828
0 592 564056 0 1769875950 937898
0 593 548063 0 1769875951 485970
0 594 534626 0 1769875952 20606
0 595 550204 0 1769875952 570818
0 596 549819 0 1769875953 120648
0 597 539666 0 1769875953 660322
0 598 552369 0 1769875954 212699
0 599 557622 0 1769875954 770330
0 600 541096 0 1769875955 311434
0 601 573881 0 1769875955 885329
0 602 543475 0 1769875956 428814
0 603 539054 0 1769875956 967878
0 604 558935 0 1769875957 526821
0 605 553945 0 1769875958 80775
0 606 544639 0 1769875958 625422
0 607 559448 0 1769875959 184879
0 608 545758 0 1769875959 730645
0 609 541932 0 1769875960 272586
0 610 555960 0 1769875960 828558
0 611 533266 0 1769875961 361834
0 612 545025 0 1769875961 906872
0 613 561376 0 1769875962 468257
0 614 556690 0 1769875963 24955
0 615 546256 0 1769875963 571220
0 616 567967 0 1769875964 139195
0 617 549248 0 1769875964 688451
0 618 551794 0 1769875965 240253
0 619 556633 0 1769875965 796894
0 620 546911 0 1769875966 343814
0 621 543848 0 1769875966 887670
0 622 556162 0 1769875967 443840
0 623 550716 0 1769875967 994564
0 624 530052 0 1769875968 524625
0 625 575788 0 1769875969 100421
0 626 551861 0 1769875969 652290
0 627 550283 0 1769875970 202581
0 628 558442 0 1769875970 761099
0 629 538043 0 1769875971 299150
0 630 545452 0 1769875971 844610
0 631 550415 0 1769875972 395033
0 632 549923 0 1769875972 944964
0 633 550902 0 1769875973 495873
0 634 562290 0 1769875974 58172
0 635 549970 0 1769875974 608150
0 636 543592 0 1769875975 151750
0 637 545960 0 1769875975 697719
0 638 572119 0 1769875976 269847
0 639 546363 0 1769875976 816218
0 640 555566 0 1769875977 371792
0 641 549720 0 1769875977 921520
0 642 538456 0 1769875978 459984
0 643 568732 0 1769875979 28724
0 644 546350 0 1769875979 575082
0 645 542185 0 1769875980 117275
0 646 565461 0 1769875980 682744
0 647 542489 0 1769875981 225241
0 648 549601 0 1769875981 774851
0 649 559290 0 1769875982 334155
0 650 548383 0 1769875982 882546
0 651 553112 0 1769875983 435674
0 652 557535 0 1769875983 993220
0 653 546422 0 1769875984 539650
0 654 552642 0 1769875985 92301
0 655 560598 0 1769875985 652907
0 656 542750 0 1769875986 195667
0 657 519953 0 1769875986 715627
0 658 546874 0 1769875987 262510
0 659 547199 0 1769875987 809718
0 660 536496 0 1769875988 346228
0 661 546322 0 1769875988 892560
0 662 555150 0 1769875989 447719
0 663 550533 0 1769875989 998277
0 664 540677 0 1769875990 538962
0 665 561049 0 1769875991 100020
0 666 528727 0 1769875991 628755
0 667 541116 0 1769875992 169881
0 668 556046 0 1769875992 725936
0 669 543305 0 1769875993 269250
0 670 543819 0 1769875993 813077
0 671 557422 0 1769875994 370507
0 672 545137 0 1769875994 915658
0 673 532949 0 1769875995 448615
0 674 558675 0 1769875996 7298
0 675 554107 0 1769875996 561413
0 676 550897 0 1769875997 112319
0 677 577906 0 1769875997 690235
0 678 551440 0 1769875998 241683
0 679 525777 0 1769875998 767469
0 680 552150 0 1769875999 319627
0 681 549725 0 1769875999 869360
0 682 536022 0 1769876000 405390
0 683 555128 0 1769876000 960525
0 684 547883 0 1769876001 508417
0 685 541003 0 1769876002 49428
0 686 554070 0 1769876002 603505
0 687 542036 0 1769876003 145550
0 688 543543 0 1769876003 689102
0 689 553641 0 1769876004 242751
0 690 556917 0 1769876004 799675
0 691 554208 0 1769876005 353892
0 692 554170 0 1769876005 908077
0 693 547087 0 1769876006 455172
0 694 538379 0 1769876006 993559
0 695 552996 0 1769876007 546563
0 696 548823 0 1769876008 95398
0 697 539194 0 1769876008 634599
0 698 555452 0 1769876009 190060
0 699 536912 0 1769876009 726979
0 700 546215 0 1769876010 273203
0 701 564196 0 1769876010 837410
0 702 555265 0 1769876011 392683
0 703 555244 0 1769876011 947935
0 704 561640 0 1769876012 509584
0 705 547101 0 1769876013 56693
0 706 540528 0 1769876013 597230
0 707 556129 0 1769876014 153366
0 708 572098 0 1769876014 725472
0 709 551895 0 1769876015 277376
0 710 553923 0 1769876015 831307
0 711 542835 0 1769876016 374157
0 712 542994 0 1769876016 917162
0 713 554106 0 1769876017 471277
0 714 545940 0 1769876018 17227
0 715 537177 0 1769876018 554412
0 716 553677 0 1769876019 108105
0 717 546110 0 1769876019 654223
0 718 546262 0 1769876020 200494
0 719 563179 0 1769876020 763681
0 720 546851 0 1769876021 310542
0 721 557095 0 1769876021 867645
0 722 536305 0 1769876022 403959
0 723 540635 0 1769876022 944602
0 724 561054 0 1769876023 505664
0 725 547671 0 1769876024 53343
0 726 538436 0 1769876024 591787
0 727 564981 0 1769876025 156777
0 728 549360 0 1769876025 706145
0 729 555974 0 1769876026 262126
0 730 561819 0 1769876026 823953
0 731 549325 0 1769876027 373287
0 732 540447 0 1769876027 913742
0 733 557745 0 1769876028 471496
0 734 530297 0 1769876029 1801
0 735 542406 0 1769876029 544216
0 736 556801 0 1769876030 101026
0 737 529514 0 1769876030 630548
0 738 542685 0 1769876031 173241
0 739 557513 0 1769876031 730761
0 740 547019 0 1769876032 277788
0 741 543498 0 1769876032 821294
0 742 553244 0 1769876033 374547
0 743 550841 0 1769876033 925395
0 744 545049 0 1769876034 470453
0 745 554481 0 1769876035 24942
0 746 556224 0 1769876035 581175
0 747 535949 0 1769876036 117132
0 748 568927 0 1769876036 686067
0 749 542280 0 1769876037 228355
0 750 537240 0 1769876037 765603
0 751 556039 0 1769876038 321651
0 752 547256 0 1769876038 868987
0 753 536579 0 1769876039 405573
0 754 553573 0 1769876039 959155
0 755 558443 0 1769876040 517606
0 756 550055 0 1769876041 67669
0 757 559162 0 1769876041 626844
0 758 550496 0 1769876042 177349
0 759 539611 0 1769876042 716968
0 760 556476 0 1769876043 273452
0 761 552817 0 1769876043 826276
0 762 545504 0 1769876044 371789
0 763 569075 0 1769876044 940872
0 764 555116 0 1769876045 496002
0 765 540618 0 1769876046 36628
0 766 521906 0 1769876046 558542
0 767 557477 0 1769876047 116028
0 768 554942 0 1769876047 670978
0 769 538586 0 1769876048 209572
0 770 565262 0 1769876048 774842
0 771 550896 0 1769876049 325746
0 772 548324 0 1769876049 874079
0 773 559770 0 1769876050 433857
0 774 553875 0 1769876050 987740
0 775 548089 0 1769876051 535837
0 776 569992 0 1769876052 105837
0 777 544218 0 1769876052 650063
0 778 541804 0 1769876053 191874
0 779 564570 0 1769876053 756453
0 780 546893 0 1769876054 303353
0 781 560966 0 1769876054 864328
0 782 554843 0 1769876055 419180
0 783 539648 0 1769876055 958836
0 784 552302 0 1769876056 511153
0 785 562014 0 1769876057 73177
0 786 545616 0 1769876057 618802
0 787 548820 0 1769876058 167630
0 788 555864 0 1769876058 723502
0 789 488183 0 1769876059 211693
0 790 492903 0 1769876059 704604
0 791 493413 0 1769876060 198026
0 792 486558 0 1769876060 684592
0 793 499927 0 1769876061 184527
0 794 482982 0 1769876061 667517
0 795 484660 0 1769876062 152186
0 796 455109 0 1769876062 607309
0 797 498139 0 1769876063 105456
0 798 484882 0 1769876063 590346
0 799 489566 0 1769876064 79920
0 800 485580 0 1769876064 565508
0 801 492351 0 1769876065 57868
0 802 512083 0 1769876065 569959
0 803 498831 0 1769876066 68806
0 804 481980 0 1769876066 550794
0 805 479325 0 1769876067 30133
0 806 493934 0 1769876067 524075
0 807 502164 0 1769876068 26248
0 808 485901 0 1769876068 512156
0 809 489480 0 1769876069 1645
0 810 476179 0 1769876069 477832
0 811 492489 0 1769876069 970329
0 812 487837 0 1769876070 458174
0 813 495429 0 1769876070 953611
0 814 485817 0 1769876071 439437
0 815 489358 0 1769876071 928809
0 816 505557 0 1769876072 434374
0 817 481575 0 1769876072 915958
0 818 498388 0 1769876073 414355
0 819 504747 0 1769876073 919110
0 820 489022 0 1769876074 408140
0 821 499192 0 1769876074 907340
0 822 499617 0 1769876075 406964
0 823 491039 0 1769876075 898011
0 824 495709 0 1769876076 393728
0 825 462253 0 1769876076 855996
0 826 478948 0 1769876077 334953
0 827 500998 0 1769876077 835960
0 828 477283 0 1769876078 313251
0 829 499777 0 1769876078 813037
0 830 484365 0 1769876079 297410
0 831 482021 0 1769876079 779439
0 832 498924 0 1769876080 278370
0 833 507507 0 1769876080 785892
0 834 487975 0 1769876081 273875
0 835 496327 0 1769876081 770210
0 836 464801 0 1769876082 235024
0 837 477820 0 1769876082 712852
0 838 503074 0 1769876083 215934
0 839 489813 0 1769876083 705755
0 840 487531 0 1769876084 193295
0 841 509047 0 1769876084 702350
0 842 503895 0 1769876085 206253
0 843 484903 0 1769876085 691165
0 844 500648 0 1769876086 191821
0 845 490754 0 1769876086 682583
0 846 487834 0 1769876087 170426
0 847 485554 0 1769876087 655988
0 848 483378 0 1769876088 139374
0 849 501492 0 1769876088 640874
0 850 487913 0 1769876089 128795
0 851 489976 0 1769876089 618779
0 852 492671 0 1769876090 111458
0 853 481884 0 1769876090 593350
0 854 494741 0 1769876091 88104
0 855 491414 0 1769876091 579526
0 856 485356 0 1769876092 64890
0 857 497201 0 1769876092 562099
0 858 484906 0 1769876093 47013
0 859 520144 0 1769876093 567166
0 860 484856 0 1769876094 52030
0 861 494521 0 1769876094 546558
0 862 501733 0 1769876095 48300
0 863 491371 0 1769876095 539679
0 864 493544 0 1769876096 33231
0 865 491959 0 1769876096 525198
0 866 501761 0 1769876097 26967
0 867 485290 0 1769876097 512265
0 868 482670 0 1769876097 994943
0 869 483513 0 1769876098 478468
0 870 507993 0 1769876098 986470
0 871 486936 0 1769876099 473414
0 872 495041 0 1769876099 968463
0 873 478143 0 1769876100 446613
0 874 483018 0 1769876100 929640
0 875 500583 0 1769876101 430231
0 876 492725 0 1769876101 922964
0 877 487349 0 1769876102 410383
0 878 480422 0 1769876102 890814
0 879 468391 0 1769876103 359213
0 880 476946 0 1769876103 836172
0 881 498002 0 1769876104 334182
0 882 488812 0 1769876104 823004
0 883 499586 0 1769876105 322602
0 884 477537 0 1769876105 800149
0 885 511224 0 1769876106 311381
0 886 490393 0 1769876106 801782
0 887 488374 0 1769876107 290165
0 888 504630 0 1769876107 794803
0 889 487776 0 1769876108 282588
0 890 470807 0 1769876108 753403
0 891 460428 0 1769876109 213839
0 892 489930 0 1769876109 703783
0 893 486604 0 1769876110 190395
0 894 493088 0 1769876110 683492
0 895 485744 0 1769876111 169244
0 896 487964 0 1769876111 657216
0 897 480965 0 1769876112 138189
0 898 462152 0 1769876112 600350
0 899 498269 0 1769876113 98627
0 900 484373 0 1769876113 583009
0 901 486375 0 1769876114 69393
0 902 485515 0 1769876114 554923
0 903 482788 0 1769876115 37721
0 904 491823 0 1769876115 529552
0 905 491049 0 1769876116 20610
0 906 484180 0 1769876116 504798
0 907 486064 0 1769876116 990870
0 908 481786 0 1769876117 472664
0 909 519017 0 1769876117 991689
0 910 486587 0 1769876118 478285
0 911 506802 0 1769876118 985097
0 912 464688 0 1769876119 449797
0 913 486060 0 1769876119 935868
0 914 500016 0 1769876120 435892
0 915 488068 0 1769876120 923968
0 916 488391 0 1769876121 412371
0 917 486599 0 1769876121 898984
0 918 483419 0 1769876122 382411
0 919 500019 0 1769876122 882438
0 920 471578 0 1769876123 354024
0 921 480733 0 1769876123 834766
0 922 488700 0 1769876124 323474
0 923 491811 0 1769876124 815298
0 924 486229 0 1769876125 301536
0 925 497845 0 1769876125 799390
0 926 476321 0 1769876126 275720
0 927 500182 0 1769876126 775926
0 928 493056 0 1769876127 268990
0 929 484522 0 1769876127 753521
0 930 479840 0 1769876128 233371
0 931 459592 0 1769876128 692971
0 932 482595 0 1769876129 175574
0 933 499938 0 1769876129 675524
0 934 488728 0 1769876130 164260
0 935 486688 0 1769876130 650955
0 936 492593 0 1769876131 143557
0 937 496649 0 1769876131 640214
0 938 489197 0 1769876132 129419
0 939 483969 0 1769876132 613396
0 940 477438 0 1769876133 90842
0 941 498915 0 1769876133 589765
0 942 483059 0 1769876134 72832
0 943 482955 0 1769876134 555795
0 944 483965 0 1769876135 39768
0 945 483675 0 1769876135 523452
0 946 500466 0 1769876136 23926
0 947 487020 0 1769876136 510961
0 948 507471 0 1769876137 18441
0 949 471189 0 1769876137 489639
0 950 501520 0 1769876137 991173
0 951 498278 0 1769876138 489459
0 952 499386 0 1769876138 988854
0 953 477693 0 1769876139 466555
0 954 504176 0 1769876139 970743
0 955 492338 0 1769876140 463090
0 956 488410 0 1769876140 951508
0 957 481206 0 1769876141 432723
0 958 477930 0 1769876141 910662
0 959 502481 0 1769876142 413151
0 960 486683 0 1769876142 899842
0 961 492938 0 1769876143 392788
0 962 492914 0 1769876143 885711
0 963 508366 0 1769876144 394085
0 964 482557 0 1769876144 876654
0 965 505930 0 1769876145 382594
0 966 490640 0 1769876145 873246
0 967 498708 0 1769876146 371962
0 968 485911 0 1769876146 857881
0 969 476614 0 1769876147 334504
0 970 508824 0 1769876147 843336
0 971 486279 0 1769876148 329623
0 972 488673 0 1769876148 818305
0 973 487215 0 1769876149 305529
0 974 493825 0 1769876149 799361
0 975 475274 0 1769876150 274644
0 976 485131 0 1769876150 759783
0 977 474528 0 1769876151 234319
0 978 496416 0 1769876151 730744
0 979 476128 0 1769876152 206880
0 980 476785 0 1769876152 683673
0 981 505826 0 1769876153 189507
0 982 485685 0 1769876153 675199
0 983 468428 0 1769876154 143636
0 984 479991 0 1769876154 623636
0 985 498182 0 1769876155 121826
0 986 489141 0 1769876155 610974
0 987 489806 0 1769876156 100788
0 988 486247 0 1769876156 587044
0 989 494121 0 1769876157 81173
0 990 493495 0 1769876157 574676
0 991 493667 0 1769876158 68351
0 992 486802 0 1769876158 555162
0 993 490676 0 1769876159 45846
0 994 482753 0 1769876159 528607
0 995 505531 0 1769876160 34151
0 996 479564 0 1769876160 513724
0 997 493279 0 1769876161 7011
0 998 477458 0 1769876161 484477
0 999 481722 0 1769876161 966207
0 1000 503710 0 1769876162 469925
