0 1 1165094 0 1769876684 99918
0 2 512697 0 1769876684 612630
0 3 480748 0 1769876685 93386
0 4 527455 0 1769876685 620850
0 5 488666 0 1769876686 109523
0 6 497791 0 1769876686 607323
0 7 479511 0 1769876687 86842
0 8 504249 0 1769876687 591099
0 9 483977 0 1769876688 75084
0 10 497973 0 1769876688 573065
0 11 496656 0 1769876689 69729
0 12 484972 0 1769876689 554708
0 13 496988 0 1769876690 51705
0 14 480449 0 1769876690 532161
0 15 479282 0 1769876691 11452
0 16 464089 0 1769876691 475549
0 17 528193 0 1769876692 3749
0 18 492785 0 1769876692 496542
0 19 476443 0 1769876692 972993
0 20 483800 0 1769876693 456800
0 21 498204 0 1769876693 955013
0 22 489194 0 1769876694 444219
0 23 493528 0 1769876694 937754
0 24 479595 0 1769876695 417358
0 25 485860 0 1769876695 903226
0 26 489949 0 1769876696 393183
0 27 506021 0 1769876696 899213
0 28 488735 0 1769876697 387957
0 29 493076 0 1769876697 881041
0 30 474458 0 1769876698 355507
0 31 502170 0 1769876698 857685
0 32 496258 0 1769876699 353951
0 33 494278 0 1769876699 848237
0 34 476438 0 1769876700 324683
0 35 498179 0 1769876700 822870
0 36 485117 0 1769876701 308004
0 37 492214 0 1769876701 800227
0 38 486735 0 1769876702 286969
0 39 478325 0 1769876702 765303
0 40 505418 0 1769876703 270730
0 41 491567 0 1769876703 762304
0 42 489576 0 1769876704 251889
0 43 489574 0 1769876704 741471
0 44 495721 0 1769876705 237200
0 45 496412 0 1769876705 733620
0 46 490262 0 1769876706 223890
0 47 479108 0 1769876706 703006
0 48 510539 0 1769876707 213552
0 49 482590 0 1769876707 696151
0 50 469567 0 1769876708 165725
0 51 487972 0 1769876708 653705
0 52 505507 0 1769876709 159221
0 53 483547 0 1769876709 642777
0 54 484548 0 1769876710 127333
0 55 503681 0 1769876710 631022
0 56 469036 0 1769876711 100065
0 57 486365 0 1769876711 586439
0 58 501305 0 1769876712 87752
0 59 503925 0 1769876712 591684
0 60 491680 0 1769876713 83372
0 61 478151 0 1769876713 561532
0 62 479146 0 1769876714 40686
0 63 496955 0 1769876714 537649
0 64 489401 0 1769876715 27058
0 65 492759 0 1769876715 519830
0 66 482902 0 1769876716 2740
0 67 480454 0 1769876716 483203
0 68 488029 0 1769876716 971240
0 69 493614 0 1769876717 464862
0 70 478180 0 1769876717 943050
0 71 489438 0 1769876718 432496
0 72 480246 0 1769876718 912749
0 73 504397 0 1769876719 417155
0 74 488164 0 1769876719 905328
0 75 499545 0 1769876720 404881
0 76 482042 0 1769876720 886930
0 77 481996 0 1769876721 368935
0 78 501132 0 1769876721 870076
0 79 507105 0 1769876722 377189
0 80 483569 0 1769876722 860767
0 81 478816 0 1769876723 339592
0 82 499337 0 1769876723 838942
0 83 486031 0 1769876724 324981
0 84 496079 0 1769876724 821069
0 85 486197 0 1769876725 307274
0 86 499107 0 1769876725 806390
0 87 510557 0 1769876726 316956
0 88 467255 0 1769876726 784220
0 89 490712 0 1769876727 274940
0 90 486716 0 1769876727 761664
0 91 493948 0 1769876728 255620
0 92 487425 0 1769876728 743060
0 93 500825 0 1769876729 243892
0 94 469942 0 1769876729 713850
0 95 476815 0 1769876730 190675
0 96 509490 0 1769876730 700174
0 97 485095 0 1769876731 185277
0 98 492219 0 1769876731 677504
0 99 476818 0 1769876732 154329
0 100 473165 0 1769876732 627503
0 101 477029 0 1769876733 104540
0 102 505076 0 1769876733 609625
0 103 491988 0 1769876734 101621
0 104 487315 0 1769876734 588944
0 105 486221 0 1769876735 75173
0 106 465395 0 1769876735 540576
0 107 491388 0 1769876736 31972
0 108 499907 0 1769876736 531887
0 109 480206 0 1769876737 12107
0 110 489393 0 1769876737 501506
0 111 488019 0 1769876737 989534
0 112 493145 0 1769876738 482687
0 113 464756 0 1769876738 947451
0 114 485982 0 1769876739 433441
0 115 499857 0 1769876739 933306
0 116 483263 0 1769876740 416577
0 117 487991 0 1769876740 904577
0 118 507671 0 1769876741 412257
0 119 489726 0 1769876741 901992
0 120 496440 0 1769876742 398440
0 121 538077 0 1769876742 936525
0 122 498141 0 1769876743 434675
0 123 473265 0 1769876743 907949
0 124 486469 0 1769876744 394425
0 125 502358 0 1769876744 896792
0 126 500974 0 1769876745 397775
0 127 478820 0 1769876745 876603
0 128 479301 0 1769876746 355912
0 129 501195 0 1769876746 857178
0 130 500973 0 1769876747 358159
0 131 503046 0 1769876747 861214
0 132 490326 0 1769876748 351548
0 133 498006 0 1769876748 849563
0 134 482848 0 1769876749 332420
0 135 494148 0 1769876749 826576
0 136 484366 0 1769876750 310949
0 137 492256 0 1769876750 803213
0 138 512497 0 1769876751 315719
0 139 466814 0 1769876751 782557
0 140 482097 0 1769876752 264662
0 141 498722 0 1769876752 763392
0 142 491763 0 1769876753 255163
0 143 480954 0 1769876753 736125
0 144 490974 0 1769876754 227107
0 145 470489 0 1769876754 697604
0 146 498415 0 1769876755 196028
0 147 503544 0 1769876755 699580
0 148 480878 0 1769876756 180466
0 149 470216 0 1769876756 650690
0 150 478823 0 1769876757 129521
0 151 501526 0 1769876757 631055
0 152 489965 0 1769876758 121028
0 153 487340 0 1769876758 608376
0 154 479456 0 1769876759 87841
0 155 497843 0 1769876759 585692
0 156 487696 0 1769876760 73396
0 157 506825 0 1769876760 580229
0 158 471782 0 1769876761 52019
0 159 501480 0 1769876761 553506
0 160 490352 0 1769876762 43866
0 161 484191 0 1769876762 528066
0 162 479017 0 1769876763 7091
0 163 479649 0 1769876763 486748
0 164 493324 0 1769876763 980080
0 165 493232 0 1769876764 473320
0 166 482595 0 1769876764 955923
0 167 498164 0 1769876765 454095
0 168 479496 0 1769876765 933599
0 169 511434 0 1769876766 445041
0 170 490367 0 1769876766 935416
0 171 487377 0 1769876767 422800
0 172 486609 0 1769876767 909418
0 173 497324 0 1769876768 406750
0 174 483531 0 1769876768 890289
0 175 499317 0 1769876769 389614
0 176 481105 0 1769876769 870727
0 177 481106 0 1769876770 351841
0 178 490075 0 1769876770 841924
0 179 484798 0 1769876771 326731
0 180 484117 0 1769876771 810856
0 181 490869 0 1769876772 301733
0 182 479087 0 1769876772 780829
0 183 519644 0 1769876773 300481
0 184 471486 0 1769876773 771975
0 185 457467 0 1769876774 229450
0 186 482974 0 1769876774 712432
0 187 493486 0 1769876775 205926
0 188 500495 0 1769876775 706430
0 189 488764 0 1769876776 195203
0 190 487896 0 1769876776 683107
0 191 472382 0 1769876777 155497
0 192 502231 0 1769876777 657736
0 193 485006 0 1769876778 142750
0 194 488215 0 1769876778 630973
0 195 484293 0 1769876779 115274
0 196 480569 0 1769876779 595851
0 197 458451 0 1769876780 54311
0 198 496528 0 1769876780 550846
0 199 493111 0 1769876781 43966
0 200 472331 0 1769876781 516306
0 201 478615 0 1769876781 994929
0 202 501940 0 1769876782 496877
0 203 489201 0 1769876782 986087
0 204 493684 0 1769876783 479778
0 205 481510 0 1769876783 961296
0 206 487008 0 1769876784 448313
0 207 502075 0 1769876784 950396
0 208 505955 0 1769876785 456359
0 209 505563 0 1769876785 961930
0 210 462798 0 1769876786 424737
0 211 488275 0 1769876786 913019
0 212 506496 0 1769876787 419523
0 213 467598 0 1769876787 887129
0 214 481696 0 1769876788 368842
0 215 502935 0 1769876788 871792
0 216 501307 0 1769876789 373106
0 217 487433 0 1769876789 860548
0 218 488234 0 1769876790 348791
0 219 483587 0 1769876790 832387
0 220 509230 0 1769876791 341631
0 221 487815 0 1769876791 829456
0 222 493236 0 1769876792 322700
0 223 477395 0 1769876792 800104
0 224 500348 0 1769876793 300461
0 225 486738 0 1769876793 787208
0 226 494168 0 1769876794 281385
0 227 495069 0 1769876794 776462
0 228 490435 0 1769876795 266906
0 229 501828 0 1769876795 768742
0 230 496430 0 1769876796 265181
0 231 490744 0 1769876796 755936
0 232 478244 0 1769876797 234188
0 233 484684 0 1769876797 718880
0 234 509599 0 1769876798 228487
0 235 505901 0 1769876798 734396
0 236 487115 0 1769876799 221519
0 237 471761 0 1769876799 693288
0 238 482856 0 1769876800 176152
0 239 510765 0 1769876800 686925
0 240 483929 0 1769876801 170862
0 241 505090 0 1769876801 675960
0 242 502507 0 1769876802 178475
0 243 509435 0 1769876802 687924
0 244 481514 0 1769876803 169446
0 245 488817 0 1769876803 658272
0 246 476856 0 1769876804 135136
0 247 497813 0 1769876804 632957
0 248 493741 0 1769876805 126706
0 249 500330 0 1769876805 627045
0 250 480113 0 1769876806 107165
0 251 503220 0 1769876806 610394
0 252 472913 0 1769876807 83315
0 253 486583 0 1769876807 569906
0 254 512624 0 1769876808 82595
0 255 497778 0 1769876808 580382
0 256 487180 0 1769876809 67570
0 257 497050 0 1769876809 564628
0 258 488277 0 1769876810 52913
0 259 492517 0 1769876810 545438
0 260 487130 0 1769876811 32576
0 261 492433 0 1769876811 525017
0 262 491691 0 1769876812 16716
0 263 506027 0 1769876812 522751
0 264 480974 0 1769876813 3739
0 265 490355 0 1769876813 494102
0 266 474447 0 1769876813 968558
0 267 500157 0 1769876814 468723
0 268 485728 0 1769876814 954459
0 269 464574 0 1769876815 419043
0 270 460931 0 1769876815 879983
0 271 487084 0 1769876816 367075
0 272 490753 0 1769876816 857842
0 273 474710 0 1769876817 332560
0 274 477594 0 1769876817 810163
0 275 512023 0 1769876818 322194
0 276 481467 0 1769876818 803670
0 277 500907 0 1769876819 304586
0 278 475875 0 1769876819 780471
0 279 500791 0 1769876820 281270
0 280 482718 0 1769876820 763996
0 281 488439 0 1769876821 252444
0 282 502036 0 1769876821 754494
0 283 477457 0 1769876822 231960
0 284 501402 0 1769876822 733370
0 285 487753 0 1769876823 221132
0 286 492055 0 1769876823 713196
0 287 499435 0 1769876824 212641
0 288 461467 0 1769876824 674116
0 289 488680 0 1769876825 162806
0 290 504269 0 1769876825 667083
0 291 486361 0 1769876826 153453
0 292 493836 0 1769876826 647302
0 293 465911 0 1769876827 113222
0 294 481484 0 1769876827 594715
0 295 507120 0 1769876828 101843
0 296 496095 0 1769876828 597945
0 297 481414 0 1769876829 79369
0 298 492266 0 1769876829 571642
0 299 477062 0 1769876830 48713
0 300 468904 0 1769876830 517625
0 301 491428 0 1769876831 9062
0 302 491765 0 1769876831 500835
0 303 486846 0 1769876831 987694
0 304 485160 0 1769876832 472863
0 305 483461 0 1769876832 956340
0 306 462691 0 1769876833 419042
0 307 493601 0 1769876833 912653
0 308 497471 0 1769876834 410132
0 309 486951 0 1769876834 897092
0 310 492947 0 1769876835 390047
0 311 474497 0 1769876835 864553
0 312 504773 0 1769876836 369342
0 313 482579 0 1769876836 851929
0 314 483441 0 1769876837 335378
0 315 491500 0 1769876837 826886
0 316 497423 0 1769876838 324317
0 317 464900 0 1769876838 789224
0 318 489592 0 1769876839 278825
0 319 500123 0 1769876839 778956
0 320 463404 0 1769876840 242369
0 321 488354 0 1769876840 730731
0 322 489107 0 1769876841 219846
0 323 498505 0 1769876841 718359
0 324 500173 0 1769876842 218547
0 325 487107 0 1769876842 705664
0 326 474295 0 1769876843 179967
0 327 458212 0 1769876843 638188
0 328 501719 0 1769876844 139922
0 329 488896 0 1769876844 628831
0 330 491943 0 1769876845 120785
0 331 509911 0 1769876845 630705
0 332 490674 0 1769876846 121389
0 333 486563 0 1769876846 607961
0 334 483981 0 1769876847 91949
0 335 482377 0 1769876847 574334
0 336 499968 0 1769876848 74311
0 337 486850 0 1769876848 561168
0 338 823086 0 1769876849 384263
0 339 585890 0 1769876849 970160
0 340 563865 0 1769876850 534032
0 341 538544 0 1769876851 72585
0 342 551162 0 1769876851 623755
0 343 552606 0 1769876852 176369
0 344 538852 0 1769876852 715230
0 345 534217 0 1769876853 249455
0 346 559050 0 1769876853 808513
0 347 551050 0 1769876854 359578
0 348 544872 0 1769876854 904464
0 349 563945 0 1769876855 468419
0 350 555598 0 1769876856 24026
0 351 546854 0 1769876856 570888
0 352 561533 0 1769876857 132431
0 353 568122 0 1769876857 700561
0 354 564354 0 1769876858 264923
0 355 537356 0 1769876858 802289
0 356 566904 0 1769876859 369200
0 357 547147 0 1769876859 916363
0 358 548789 0 1769876860 465163
0 359 565639 0 1769876861 30812
0 360 553919 0 1769876861 584745
0 361 569296 0 1769876862 154050
0 362 572329 0 1769876862 726387
0 363 531686 0 1769876863 258081
0 364 583223 0 1769876863 841312
0 365 569532 0 1769876864 410851
0 366 583013 0 1769876864 993873
0 367 573681 0 1769876865 567565
0 368 549264 0 1769876866 116836
0 369 542898 0 1769876866 659742
0 370 559808 0 1769876867 219558
0 371 557242 0 1769876867 776809
0 372 541236 0 1769876868 318053
0 373 557303 0 1769876868 875364
0 374 536573 0 1769876869 411946
0 375 545530 0 1769876869 957485
0 376 553705 0 1769876870 511197
0 377 548636 0 1769876871 59842
0 378 551015 0 1769876871 610926
0 379 561612 0 1769876872 172547
0 380 553775 0 1769876872 726331
0 381 539161 0 1769876873 265500
0 382 560236 0 1769876873 825745
0 383 553372 0 1769876874 379125
0 384 546105 0 1769876874 925238
0 385 557668 0 1769876875 482915
0 386 539481 0 1769876876 22404
0 387 551710 0 1769876876 574122
0 388 560186 0 1769876877 134316
0 389 535112 0 1769876877 669436
0 390 551956 0 1769876878 221400
0 391 586312 0 1769876878 807720
0 392 547609 0 1769876879 355352
0 393 546483 0 1769876879 901843
0 394 576940 0 1769876880 478791
0 395 550071 0 1769876881 28877
0 396 549813 0 1769876881 578698
0 397 564258 0 1769876882 142965
0 398 546795 0 1769876882 689768
0 399 537776 0 1769876883 227553
0 400 557531 0 1769876883 785092
0 401 551321 0 1769876884 336427
0 402 542526 0 1769876884 878970
0 403 554810 0 1769876885 433788
0 404 561526 0 1769876885 995326
0 405 547721 0 1769876886 543056
0 406 556388 0 1769876887 99452
0 407 548074 0 1769876887 647540
0 408 533281 0 1769876888 180831
0 409 554881 0 1769876888 735720
0 410 541853 0 1769876889 277600
0 411 549299 0 1769876889 826907
0 412 564881 0 1769876890 391796
0 413 554006 0 1769876890 945812
0 414 541807 0 1769876891 487627
0 415 558981 0 1769876892 46617
0 416 553634 0 1769876892 600264
0 417 559674 0 1769876893 159949
0 418 561783 0 1769876893 721741
0 419 565654 0 1769876894 287404
0 420 552345 0 1769876894 839760
0 421 555915 0 1769876895 395683
0 422 542588 0 1769876895 938279
0 423 551563 0 1769876896 489851
0 424 556672 0 1769876897 46531
0 425 548986 0 1769876897 595525
0 426 539051 0 1769876898 134584
0 427 560169 0 1769876898 694765
0 428 530900 0 1769876899 225674
0 429 553681 0 1769876899 779363
0 430 557181 0 1769876900 336552
0 431 548613 0 1769876900 885173
0 432 532516 0 1769876901 417697
0 433 567047 0 1769876901 984752
0 434 557247 0 1769876902 542008
0 435 533073 0 1769876903 75089
0 436 560088 0 1769876903 635185
0 437 540254 0 1769876904 175447
0 438 545226 0 1769876904 720680
0 439 525967 0 1769876905 246656
0 440 540784 0 1769876905 787448
0 441 573664 0 1769876906 361120
0 442 537773 0 1769876906 898901
0 443 562052 0 1769876907 460961
0 444 560240 0 1769876908 21209
0 445 538723 0 1769876908 559940
0 446 538858 0 1769876909 98806
0 447 560465 0 1769876909 659279
0 448 553864 0 1769876910 213151
0 449 530347 0 1769876910 743514
0 450 564566 0 1769876911 308088
0 451 554951 0 1769876911 863047
0 452 532721 0 1769876912 395777
0 453 566029 0 1769876912 961814
0 454 540428 0 1769876913 502250
0 455 545860 0 1769876914 48118
0 456 574130 0 1769876914 622255
0 457 547031 0 1769876915 169294
0 458 544690 0 1769876915 713998
0 459 563254 0 1769876916 277260
0 460 547877 0 1769876916 825145
0 461 541813 0 1769876917 366965
0 462 566383 0 1769876917 933357
0 463 544312 0 1769876918 477676
0 464 541270 0 1769876919 18956
0 465 561670 0 1769876919 580634
0 466 532704 0 1769876920 113346
0 467 554591 0 1769876920 667946
0 468 516299 0 1769876921 184253
0 469 578869 0 1769876921 763130
0 470 544853 0 1769876922 307991
0 471 556913 0 1769876922 864912
0 472 565501 0 1769876923 430421
0 473 545080 0 1769876923 975510
0 474 540958 0 1769876924 516476
0 475 517051 0 1769876925 33536
0 476 569384 0 1769876925 602929
0 477 555278 0 1769876926 158215
0 478 545266 0 1769876926 703489
0 479 561281 0 1769876927 264778
0 480 553900 0 1769876927 818686
0 481 569581 0 1769876928 388275
0 482 552056 0 1769876928 940339
0 483 548107 0 1769876929 488454
0 484 530066 0 1769876930 18529
0 485 558034 0 1769876930 576572
0 486 526173 0 1769876931 102754
0 487 557371 0 1769876931 660133
0 488 559034 0 1769876932 219174
0 489 550079 0 1769876932 769262
0 490 551810 0 1769876933 321080
0 491 564135 0 1769876933 885222
0 492 553605 0 1769876934 438836
0 493 541349 0 1769876934 980193
0 494 562216 0 1769876935 542416
0 495 563691 0 1769876936 106116
0 496 549044 0 1769876936 655168
0 497 560684 0 1769876937 215861
0 498 549339 0 1769876937 765209
0 499 540752 0 1769876938 305969
0 500 549393 0 1769876938 855370
0 501 549781 0 1769876939 405159
0 502 548448 0 1769876939 953615
0 503 535019 0 1769876940 488705
0 504 558819 0 1769876941 47532
0 505 547087 0 1769876941 594627
0 506 530282 0 1769876942 124918
0 507 548070 0 1769876942 672996
0 508 529660 0 1769876943 202668
0 509 555000 0 1769876943 757678
0 510 546155 0 1769876944 303841
0 511 546671 0 1769876944 850520
0 512 562231 0 1769876945 412759
0 513 563160 0 1769876945 975928
0 514 538176 0 1769876946 514113
0 515 554301 0 1769876947 68422
0 516 536432 0 1769876947 604862
0 517 556496 0 1769876948 161366
0 518 573559 0 1769876948 734934
0 519 526700 0 1769876949 261642
0 520 551033 0 1769876949 812684
0 521 577851 0 1769876950 390544
0 522 538541 0 1769876950 929095
0 523 540488 0 1769876951 469592
0 524 555146 0 1769876952 24747
0 525 564921 0 1769876952 589676
0 526 536716 0 1769876953 126400
0 527 556200 0 1769876953 682608
0 528 546335 0 1769876954 228950
0 529 3445448 0 1769876957 674407
0 530 497154 0 1769876958 171569
0 531 476812 0 1769876958 648390
0 532 488342 0 1769876959 136740
0 533 499586 0 1769876959 636334
0 534 481151 0 1769876960 117493
0 535 494905 0 1769876960 612406
0 536 481649 0 1769876961 94063
0 537 479160 0 1769876961 573237
0 538 507654 0 1769876962 80899
0 539 487098 0 1769876962 568006
0 540 491685 0 1769876963 59706
0 541 488343 0 1769876963 548064
0 542 486497 0 1769876964 34572
0 543 483093 0 1769876964 517673
0 544 491759 0 1769876965 9442
0 545 484687 0 1769876965 494142
0 546 511093 0 1769876966 5247
0 547 512253 0 1769876966 517509
0 548 484362 0 1769876967 1879
0 549 480502 0 1769876967 482388
0 550 463771 0 1769876967 946168
0 551 464928 0 1769876968 411104
0 552 458180 0 1769876968 869293
0 553 494150 0 1769876969 363450
0 554 490873 0 1769876969 854332
0 555 484244 0 1769876970 338584
0 556 487547 0 1769876970 826144
0 557 476992 0 1769876971 303147
0 558 488067 0 1769876971 791223
0 559 496680 0 1769876972 287911
0 560 482642 0 1769876972 770562
0 561 477827 0 1769876973 248399
0 562 476235 0 1769876973 724643
0 563 498158 0 1769876974 222809
0 564 470075 0 1769876974 692892
0 565 487435 0 1769876975 180335
0 566 502223 0 1769876975 682566
0 567 481880 0 1769876976 164459
0 568 493370 0 1769876976 657837
0 569 484053 0 1769876977 141899
0 570 480871 0 1769876977 622778
0 571 505619 0 1769876978 128406
0 572 487117 0 1769876978 615531
0 573 506880 0 1769876979 122420
0 574 483019 0 1769876979 605447
0 575 461988 0 1769876980 67444
0 576 490849 0 1769876980 558300
0 577 489946 0 1769876981 48260
0 578 483202 0 1769876981 531476
0 579 495110 0 1769876982 26594
0 580 464904 0 1769876982 491507
0 581 495365 0 1769876982 986881
0 582 501070 0 1769876983 487959
0 583 468931 0 1769876983 956898
0 584 488032 0 1769876984 444937
0 585 485736 0 1769876984 930682
0 586 491501 0 1769876985 422191
0 587 488390 0 1769876985 910589
0 588 480261 0 1769876986 390858
0 589 509052 0 1769876986 899918
0 590 485313 0 1769876987 385239
0 591 494402 0 1769876987 879653
0 592 484821 0 1769876988 364488
0 593 498906 0 1769876988 863405
0 594 481860 0 1769876989 345272
0 595 490426 0 1769876989 835709
0 596 472995 0 1769876990 308713
0 597 496121 0 1769876990 804846
0 598 490858 0 1769876991 295715
0 599 498259 0 1769876991 793999
0 600 474396 0 1769876992 268403
0 601 511591 0 1769876992 780001
0 602 494546 0 1769876993 274562
0 603 492207 0 1769876993 766782
0 604 460073 0 1769876994 226865
0 605 483333 0 1769876994 710207
0 606 496154 0 1769876995 206371
0 607 491393 0 1769876995 697773
0 608 479676 0 1769876996 177463
0 609 502717 0 1769876996 680191
0 610 473826 0 1769876997 154030
0 611 497014 0 1769876997 651053
0 612 485137 0 1769876998 136201
0 613 487609 0 1769876998 623823
0 614 488513 0 1769876999 112345
0 615 487567 0 1769876999 599921
0 616 505886 0 1769877000 105818
0 617 486588 0 1769877000 592414
0 618 489607 0 1769877001 82032
0 619 488031 0 1769877001 570076
0 620 482841 0 1769877002 52931
0 621 494389 0 1769877002 547327
0 622 499582 0 1769877003 46922
0 623 481026 0 1769877003 527962
0 624 483002 0 1769877004 10976
0 625 492501 0 1769877004 503486
0 626 496216 0 1769877004 999714
0 627 488833 0 1769877005 488556
0 628 509534 0 1769877005 998175
0 629 480791 0 1769877006 478979
0 630 500664 0 1769877006 979656
0 631 488600 0 1769877007 468268
0 632 489786 0 1769877007 958063
0 633 484148 0 1769877008 442218
0 634 482860 0 1769877008 925092
0 635 505763 0 1769877009 430864
0 636 486731 0 1769877009 917608
0 637 493527 0 1769877010 411144
0 638 483702 0 1769877010 894854
0 639 477549 0 1769877011 372411
0 640 510249 0 1769877011 882667
0 641 466891 0 1769877012 349567
0 642 486453 0 1769877012 836028
0 643 499173 0 1769877013 335210
0 644 470959 0 1769877013 806177
0 645 484517 0 1769877014 290709
0 646 502454 0 1769877014 793174
0 647 492315 0 1769877015 285498
0 648 488338 0 1769877015 773847
0 649 500895 0 1769877016 274753
0 650 502087 0 1769877016 776853
0 651 480844 0 1769877017 257707
0 652 482219 0 1769877017 739937
0 653 459148 0 1769877018 199094
0 654 501172 0 1769877018 700280
0 655 489994 0 1769877019 190287
0 656 482944 0 1769877019 673239
0 657 486703 0 1769877020 159953
0 658 498491 0 1769877020 658453
0 659 481218 0 1769877021 139683
0 660 491217 0 1769877021 630915
0 661 484907 0 1769877022 115834
0 662 482804 0 1769877022 598647
0 663 505096 0 1769877023 103756
0 664 488669 0 1769877023 592437
0 665 489912 0 1769877024 82362
0 666 501141 0 1769877024 583511
0 667 488790 0 1769877025 72312
0 668 491279 0 1769877025 563600
0 669 479669 0 1769877026 43284
0 670 480021 0 1769877026 523313
0 671 500692 0 1769877027 24013
0 672 492567 0 1769877027 516589
0 673 485888 0 1769877028 2485
0 674 481863 0 1769877028 484356
0 675 475287 0 1769877028 959651
0 676 513610 0 1769877029 473269
0 677 506301 0 1769877029 979579
0 678 490982 0 1769877030 470568
0 679 476773 0 1769877030 947350
0 680 484281 0 1769877031 431639
0 681 474092 0 1769877031 905739
0 682 479450 0 1769877032 385197
0 683 502685 0 1769877032 887890
0 684 493762 0 1769877033 381660
0 685 498294 0 1769877033 879962
0 686 477992 0 1769877034 357963
0 687 474548 0 1769877034 832520
0 688 495250 0 1769877035 327778
0 689 491711 0 1769877035 819497
0 690 500342 0 1769877036 319847
0 691 489157 0 1769877036 809012
0 692 476720 0 1769877037 285739
0 693 504215 0 1769877037 789962
0 694 489924 0 1769877038 279894
0 695 491169 0 1769877038 771072
0 696 484312 0 1769877039 255392
0 697 481329 0 1769877039 736728
0 698 502479 0 1769877040 239215
0 699 491942 0 1769877040 731166
0 700 494875 0 1769877041 226049
0 701 465858 0 1769877041 691915
0 702 483625 0 1769877042 175548
0 703 527711 0 1769877042 703267
0 704 470336 0 1769877043 173611
0 705 485171 0 1769877043 658791
0 706 493435 0 1769877044 152235
0 707 492819 0 1769877044 645061
0 708 482900 0 1769877045 127970
0 709 489118 0 1769877045 617096
0 710 484177 0 1769877046 101282
0 711 498156 0 1769877046 599446
0 712 477886 0 1769877047 77340
0 713 486672 0 1769877047 564020
0 714 495066 0 1769877048 59094
0 715 491901 0 1769877048 551004
0 716 487846 0 1769877049 38858
0 717 470263 0 1769877049 509129
0 718 482809 0 1769877049 991946
0 719 457766 0 1769877050 449720
0 720 505647 0 1769877050 955380
0 721 511671 0 1769877051 467060
0 722 487134 0 1769877051 954207
0 723 484521 0 1769877052 438736
0 724 479384 0 1769877052 918128
0 725 512881 0 1769877053 431017
0 726 481939 0 1769877053 912965
0 727 488090 0 1769877054 401062
0 728 481389 0 1769877054 882460
0 729 516606 0 1769877055 399074
0 730 491387 0 1769877055 890475
0 731 491188 0 1769877056 381670
0 732 478865 0 1769877056 860550
0 733 479351 0 1769877057 339911
0 734 483119 0 1769877057 823044
0 735 490293 0 1769877058 313346
0 736 467432 0 1769877058 780791
0 737 479538 0 1769877059 260343
0 738 504909 0 1769877059 765263
0 739 487274 0 1769877060 252548
0 740 491425 0 1769877060 743983
0 741 487477 0 1769877061 231470
0 742 481124 0 1769877061 712604
0 743 461138 0 1769877062 173755
0 744 498481 0 1769877062 672244
0 745 486802 0 1769877063 159056
0 746 486580 0 1769877063 645645
0 747 487186 0 1769877064 132846
0 748 480301 0 1769877064 613155
0 749 466598 0 1769877065 79762
0 750 500649 0 1769877065 580419
0 751 487556 0 1769877066 67984
0 752 487839 0 1769877066 555895
0 753 505780 0 1769877067 61683
0 754 490365 0 1769877067 552057
0 755 505389 0 1769877068 57454
0 756 475455 0 1769877068 532917
0 757 503284 0 1769877069 36209
0 758 481960 0 1769877069 518177
0 759 486083 0 1769877070 4269
0 760 494900 0 1769877070 499177
0 761 473517 0 1769877070 972703
0 762 492125 0 1769877071 464836
0 763 498293 0 1769877071 963137
0 764 481235 0 1769877072 444380
0 765 491752 0 1769877072 936140
0 766 473978 0 1769877073 410126
0 767 510334 0 1769877073 920468
0 768 465890 0 1769877074 386366
0 769 460772 0 1769877074 847146
0 770 477256 0 1769877075 324410
0 771 497269 0 1769877075 821692
0 772 475274 0 1769877076 296974
0 773 468001 0 1769877076 764986
0 774 491111 0 1769877077 256110
0 775 499872 0 1769877077 755993
0 776 484903 0 1769877078 240906
0 777 498585 0 1769877078 739502
0 778 478284 0 1769877079 217799
0 779 482763 0 1769877079 700572
0 780 461588 0 1769877080 162171
0 781 520133 0 1769877080 682313
0 782 483640 0 1769877081 165965
0 783 494994 0 1769877081 660967
0 784 470593 0 1769877082 131574
0 785 501184 0 1769877082 632768
0 786 473170 0 1769877083 105949
0 787 487402 0 1769877083 593360
0 788 501213 0 1769877084 94584
0 789 492616 0 1769877084 587213
0 790 493077 0 1769877085 80300
0 791 486143 0 1769877085 566452
0 792 488704 0 1769877086 55168
0 793 460845 0 1769877086 516021
0 794 504821 0 1769877087 20851
0 795 488049 0 1769877087 508907
0 796 488938 0 1769877087 997854
0 797 482429 0 1769877088 480297
0 798 484959 0 1769877088 965269
0 799 493793 0 1769877089 459075
0 800 487677 0 1769877089 946765
0 801 478274 0 1769877090 425047
0 802 501270 0 1769877090 926328
0 803 469431 0 1769877091 395768
0 804 507701 0 1769877091 903481
0 805 482381 0 1769877092 385875
0 806 488693 0 1769877092 874582
0 807 504335 0 1769877093 378926
0 808 475799 0 1769877093 854733
0 809 498715 0 1769877094 353456
0 810 497088 0 1769877094 850552
0 811 488599 0 1769877095 339159
0 812 477747 0 1769877095 816914
0 813 486570 0 1769877096 303493
0 814 496913 0 1769877096 800420
0 815 484831 0 1769877097 285266
0 816 471143 0 1769877097 756418
0 817 479656 0 1769877098 236082
0 818 502056 0 1769877098 738147
0 819 488513 0 1769877099 226668
0 820 491918 0 1769877099 718594
0 821 481312 0 1769877100 199914
0 822 483581 0 1769877100 683504
0 823 500821 0 1769877101 184333
0 824 486652 0 1769877101 670994
0 825 494064 0 1769877102 165067
0 826 485824 0 1769877102 650899
0 827 478588 0 1769877103 129495
0 828 481364 0 1769877103 610866
0 829 497646 0 1769877104 108521
0 830 487968 0 1769877104 596505
0 831 490026 0 1769877105 86539
0 832 495005 0 1769877105 581553
0 833 499304 0 1769877106 80872
0 834 461334 0 1769877106 542215
0 835 499733 0 1769877107 41957
0 836 481069 0 1769877107 523034
0 837 484394 0 1769877108 7436
0 838 486720 0 1769877108 494164
0 839 478226 0 1769877108 972398
0 840 459492 0 1769877109 431897
0 841 502572 0 1769877109 934478
0 842 498696 0 1769877110 433182
0 843 490219 0 1769877110 923409
0 844 485296 0 1769877111 408712
0 845 480131 0 1769877111 888852
0 846 499200 0 1769877112 388060
0 847 483259 0 1769877112 871327
0 848 486123 0 1769877113 357457
0 849 473434 0 1769877113 830899
0 850 478244 0 1769877114 309152
0 851 494011 0 1769877114 803175
0 852 495743 0 1769877115 298926
0 853 498815 0 1769877115 797749
0 854 479000 0 1769877116 276757
0 855 500654 0 1769877116 777419
0 856 490785 0 1769877117 268211
0 857 489918 0 1769877117 758138
0 858 501883 0 1769877118 260029
0 859 512712 0 1769877118 772749
0 860 479445 0 1769877119 252202
0 861 492792 0 1769877119 745002
0 862 505498 0 1769877120 250508
0 863 489995 0 1769877120 740510
0 864 488361 0 1769877121 228880
0 865 494686 0 1769877121 723574
0 866 481471 0 1769877122 205053
0 867 458105 0 1769877122 663165
0 868 495405 0 1769877123 158579
0 869 489953 0 1769877123 648540
0 870 486459 0 1769877124 135007
0 871 464706 0 1769877124 599721
0 872 478451 0 1769877125 78197
0 873 501858 0 1769877125 580063
0 874 504930 0 1769877126 85002
0 875 485405 0 1769877126 570414
0 876 499098 0 1769877127 69521
0 877 469642 0 1769877127 539229
0 878 480602 0 1769877128 19839
0 879 499636 0 1769877128 519483
0 880 486574 0 1769877129 6065
0 881 493316 0 1769877129 499389
0 882 490133 0 1769877129 989530
0 883 480136 0 1769877130 469674
0 884 511545 0 1769877130 981228
0 885 510259 0 1769877131 491496
0 886 481823 0 1769877131 973327
0 887 490674 0 1769877132 464009
0 888 486981 0 1769877132 950999
0 889 485731 0 1769877133 436738
0 890 477959 0 1769877133 914705
0 891 464978 0 1769877134 379691
0 892 481468 0 1769877134 861167
0 893 496413 0 1769877135 357588
0 894 487252 0 1769877135 844848
0 895 499806 0 1769877136 344662
0 896 483091 0 1769877136 827761
0 897 478142 0 1769877137 305911
0 898 462425 0 1769877137 768344
0 899 502186 0 1769877138 270538
0 900 490904 0 1769877138 761451
0 901 476918 0 1769877139 238377
0 902 482241 0 1769877139 720627
0 903 497985 0 1769877140 218619
0 904 492167 0 1769877140 710795
0 905 490598 0 1769877141 201408
0 906 485759 0 1769877141 687183
0 907 481667 0 1769877142 168858
0 908 511074 0 1769877142 679940
0 909 486819 0 1769877143 166767
0 910 490396 0 1769877143 657171
0 911 515163 0 1769877144 172343
0 912 483587 0 1769877144 655938
0 913 494859 0 1769877145 150806
0 914 473961 0 1769877145 624775
0 915 514252 0 1769877146 139035
0 916 468916 0 1769877146 607959
0 917 478303 0 1769877147 86269
0 918 511417 0 1769877147 597695
0 919 488128 0 1769877148 85831
0 920 483929 0 1769877148 569772
0 921 468503 0 1769877149 38284
0 922 856086 0 1769877149 894378
0 923 574224 0 1769877150 468615
0 924 578216 0 1769877151 46840
0 925 536270 0 1769877151 583119
0 926 538818 0 1769877152 121946
0 927 556383 0 1769877152 678337
0 928 558208 0 1769877153 236554
0 929 544887 0 1769877153 781449
0 930 557613 0 1769877154 339071
0 931 549494 0 1769877154 888574
0 932 542219 0 1769877155 430805
0 933 561860 0 1769877155 992674
0 934 551599 0 1769877156 544281
0 935 547375 0 1769877157 91664
0 936 560733 0 1769877157 652406
0 937 541206 0 1769877158 193625
0 938 543228 0 1769877158 736862
0 939 558545 0 1769877159 295415
0 940 545745 0 1769877159 841168
0 941 543216 0 1769877160 384396
0 942 558795 0 1769877160 943200
0 943 543378 0 1769877161 486589
0 944 530654 0 1769877162 17254
0 945 550824 0 1769877162 568086
0 946 540424 0 1769877163 108526
0 947 534677 0 1769877163 643214
0 948 553992 0 1769877164 197216
0 949 557028 0 1769877164 754252
0 950 541081 0 1769877165 295343
0 951 541212 0 1769877165 836566
0 952 559346 0 1769877166 395921
0 953 549072 0 1769877166 945004
0 954 533618 0 1769877167 478630
0 955 549300 0 1769877168 27945
0 956 557136 0 1769877168 585092
0 957 538320 0 1769877169 123423
0 958 539371 0 1769877169 662802
0 959 527724 0 1769877170 190536
0 960 527394 0 1769877170 717938
0 961 569700 0 1769877171 287646
0 962 540729 0 1769877171 828385
0 963 573508 0 1769877172 401901
0 964 559586 0 1769877172 961502
0 965 552373 0 1769877173 513887
0 966 546448 0 1769877174 60346
0 967 558497 0 1769877174 618852
0 968 550033 0 1769877175 168897
0 969 529193 0 1769877175 698099
0 970 569187 0 1769877176 267296
0 971 553328 0 1769877176 820634
0 972 524933 0 1769877177 345576
0 973 527929 0 1769877177 873515
0 974 556960 0 1769877178 430489
0 975 547978 0 1769877178 978478
0 976 532666 0 1769877179 511152
0 977 531553 0 1769877180 42715
0 978 566784 0 1769877180 609507
0 979 546819 0 1769877181 156336
0 980 576683 0 1769877181 733028
0 981 560541 0 1769877182 293579
0 982 550131 0 1769877182 843721
0 983 539535 0 1769877183 383288
0 984 559805 0 1769877183 943107
0 985 543824 0 1769877184 486939
0 986 528335 0 1769877185 15283
0 987 538276 0 1769877185 553567
0 988 569664 0 1769877186 123239
0 989 561015 0 1769877186 684262
0 990 542691 0 1769877187 226962
0 991 559373 0 1769877187 786343
0 992 543971 0 1769877188 330328
0 993 542784 0 1769877188 873120
0 994 554479 0 1769877189 427607
0 995 552611 0 1769877189 980226
0 996 540731 0 1769877190 520965
0 997 559338 0 1769877191 80317
0 998 551975 0 1769877191 632301
0 999 536923 0 1769877192 169235
0 1000 563097 0 1769877192 732340
