0 1 1506448 0 1769891394 153182
0 2 546034 0 1769891394 699232
0 3 525914 0 1769891395 225154
0 4 517449 0 1769891395 742611
0 5 512431 0 1769891396 255051
0 6 532897 0 1769891396 787956
0 7 500480 0 1769891397 288444
0 8 533540 0 1769891397 821993
0 9 520907 0 1769891398 342908
0 10 509434 0 1769891398 852351
0 11 514700 0 1769891399 367059
0 12 528443 0 1769891399 895510
0 13 502821 0 1769891400 398339
0 14 513591 0 1769891400 911938
0 15 487082 0 1769891401 399028
0 16 518768 0 1769891401 917804
0 17 520062 0 1769891402 437875
0 18 508082 0 1769891402 945966
0 19 513183 0 1769891403 459157
0 20 513651 0 1769891403 972817
0 21 519370 0 1769891404 492195
0 22 532417 0 1769891405 24619
0 23 515947 0 1769891405 540575
0 24 508295 0 1769891406 48886
0 25 523053 0 1769891406 571947
0 26 522000 0 1769891407 93955
0 27 525755 0 1769891407 619718
0 28 508487 0 1769891408 128242
0 29 523057 0 1769891408 651307
0 30 518063 0 1769891409 169379
0 31 516371 0 1769891409 685758
0 32 509469 0 1769891410 195235
0 33 515447 0 1769891410 710690
0 34 522314 0 1769891411 233012
0 35 520191 0 1769891411 753211
0 36 504561 0 1769891412 257780
0 37 528484 0 1769891412 786272
0 38 516067 0 1769891413 302357
0 39 509681 0 1769891413 812046
0 40 529281 0 1769891414 341335
0 41 517710 0 1769891414 859053
0 42 512277 0 1769891415 371338
0 43 515168 0 1769891415 886514
0 44 522824 0 1769891416 409346
0 45 509816 0 1769891416 919170
0 46 511680 0 1769891417 430858
0 47 502059 0 1769891417 932925
0 48 512199 0 1769891418 445132
0 49 519948 0 1769891418 965089
0 50 519624 0 1769891419 484720
0 51 511514 0 1769891419 996243
0 52 525100 0 1769891420 521357
0 53 533763 0 1769891421 55129
0 54 504718 0 1769891421 559855
0 55 511155 0 1769891422 71018
0 56 515956 0 1769891422 586982
0 57 525324 0 1769891423 112314
0 58 524185 0 1769891423 636507
0 59 501142 0 1769891424 137657
0 60 528615 0 1769891424 666281
0 61 516175 0 1769891425 182464
0 62 505526 0 1769891425 687998
0 63 512606 0 1769891426 200611
0 64 537663 0 1769891426 738283
0 65 516622 0 1769891427 254914
0 66 521651 0 1769891427 776573
0 67 523232 0 1769891428 299813
0 68 505138 0 1769891428 804959
0 69 520408 0 1769891429 325374
0 70 520803 0 1769891429 846186
0 71 508952 0 1769891430 355155
0 72 519352 0 1769891430 874515
0 73 539694 0 1769891431 414217
0 74 510893 0 1769891431 925118
0 75 518440 0 1769891432 443567
0 76 519712 0 1769891432 963287
0 77 514627 0 1769891433 477922
0 78 496311 0 1769891433 974241
0 79 541219 0 1769891434 515468
0 80 523925 0 1769891435 39401
0 81 497214 0 1769891435 536623
0 82 482589 0 1769891436 19220
0 83 515117 0 1769891436 534345
0 84 521845 0 1769891437 56198
0 85 508000 0 1769891437 564206
0 86 521064 0 1769891438 85278
0 87 491418 0 1769891438 576704
0 88 531628 0 1769891439 108340
0 89 517846 0 1769891439 626194
0 90 517068 0 1769891440 143270
0 91 515388 0 1769891440 658667
0 92 522898 0 1769891441 181574
0 93 504161 0 1769891441 685743
0 94 528620 0 1769891442 214372
0 95 512988 0 1769891442 727368
0 96 509221 0 1769891443 236598
0 97 504652 0 1769891443 741268
0 98 521560 0 1769891444 262835
0 99 511225 0 1769891444 774069
0 100 519286 0 1769891445 293363
0 101 500079 0 1769891445 793450
0 102 532955 0 1769891446 326413
0 103 516667 0 1769891446 843087
0 104 504718 0 1769891447 347813
0 105 521318 0 1769891447 869141
0 106 509978 0 1769891448 379127
0 107 519898 0 1769891448 899033
0 108 525704 0 1769891449 424744
0 109 487990 0 1769891449 912743
0 110 517023 0 1769891450 429774
0 111 513962 0 1769891450 943753
0 112 514691 0 1769891451 458453
0 113 494043 0 1769891451 952504
0 114 539191 0 1769891452 491708
0 115 512592 0 1769891453 4309
0 116 532970 0 1769891453 537287
0 117 509193 0 1769891454 46488
0 118 515106 0 1769891454 561602
0 119 521866 0 1769891455 83477
0 120 512687 0 1769891455 596172
0 121 552558 0 1769891456 148739
0 122 528090 0 1769891456 676840
0 123 518958 0 1769891457 195808
0 124 507104 0 1769891457 702921
0 125 513439 0 1769891458 216370
0 126 510566 0 1769891458 726945
0 127 525216 0 1769891459 252169
0 128 517625 0 1769891459 769803
0 129 511671 0 1769891460 281543
0 130 491552 0 1769891460 773104
0 131 534662 0 1769891461 307774
0 132 514324 0 1769891461 822109
0 133 515736 0 1769891462 337852
0 134 491506 0 1769891462 829368
0 135 536059 0 1769891463 365435
0 136 525641 0 1769891463 891086
0 137 513073 0 1769891464 404168
0 138 520202 0 1769891464 924379
0 139 515779 0 1769891465 440166
0 140 527485 0 1769891465 967660
0 141 512738 0 1769891466 480410
0 142 510963 0 1769891466 991383
0 143 513546 0 1769891467 504937
0 144 520784 0 1769891468 25730
0 145 496381 0 1769891468 522120
0 146 509864 0 1769891469 31993
0 147 518262 0 1769891469 550264
0 148 513998 0 1769891470 64271
0 149 507755 0 1769891470 572035
0 150 518283 0 1769891471 90330
0 151 503372 0 1769891471 593710
0 152 523161 0 1769891472 116879
0 153 505439 0 1769891472 622326
0 154 516872 0 1769891473 139206
0 155 535693 0 1769891473 674909
0 156 518926 0 1769891474 193843
0 157 516746 0 1769891474 710597
0 158 508166 0 1769891475 218771
0 159 508497 0 1769891475 727281
0 160 522778 0 1769891476 250066
0 161 482086 0 1769891476 732161
0 162 519835 0 1769891477 252004
0 163 519971 0 1769891477 771983
0 164 520605 0 1769891478 292596
0 165 509184 0 1769891478 801789
0 166 514631 0 1769891479 316428
0 167 510852 0 1769891479 827288
0 168 519667 0 1769891480 346963
0 169 509749 0 1769891480 856720
0 170 507829 0 1769891481 364557
0 171 529203 0 1769891481 893769
0 172 504693 0 1769891482 398470
0 173 497550 0 1769891482 896028
0 174 501878 0 1769891483 397914
0 175 524634 0 1769891483 922562
0 176 511610 0 1769891484 434179
0 177 507271 0 1769891484 941459
0 178 508633 0 1769891485 450101
0 179 516020 0 1769891485 966129
0 180 490865 0 1769891486 457002
0 181 526539 0 1769891486 983549
0 182 515181 0 1769891487 498737
0 183 532621 0 1769891488 31367
0 184 514768 0 1769891488 546143
0 185 504310 0 1769891489 50461
0 186 522260 0 1769891489 572729
0 187 510775 0 1769891490 83513
0 188 510435 0 1769891490 593957
0 189 510803 0 1769891491 104773
0 190 509806 0 1769891491 614593
0 191 519279 0 1769891492 133882
0 192 515759 0 1769891492 649649
0 193 511497 0 1769891493 161156
0 194 525339 0 1769891493 686503
0 195 510298 0 1769891494 196810
0 196 516100 0 1769891494 712919
0 197 507037 0 1769891495 219966
0 198 512878 0 1769891495 732853
0 199 520462 0 1769891496 253325
0 200 511555 0 1769891496 764896
0 201 511027 0 1769891497 275934
0 202 519936 0 1769891497 795880
0 203 492118 0 1769891498 288006
0 204 511613 0 1769891498 799628
0 205 511427 0 1769891499 311064
0 206 514011 0 1769891499 825083
0 207 516732 0 1769891500 341823
0 208 506089 0 1769891500 847923
0 209 543112 0 1769891501 391044
0 210 512065 0 1769891501 903123
0 211 497639 0 1769891502 400778
0 212 503216 0 1769891502 904003
0 213 3445254 0 1769891506 349266
0 214 467376 0 1769891506 816655
0 215 471070 0 1769891507 287737
0 216 434752 0 1769891507 722498
0 217 455494 0 1769891508 178000
0 218 468217 0 1769891508 646225
0 219 466130 0 1769891509 112363
0 220 448969 0 1769891509 561340
0 221 462888 0 1769891510 24235
0 222 456170 0 1769891510 480414
0 223 466706 0 1769891510 947129
0 224 447764 0 1769891511 394901
0 225 443225 0 1769891511 838134
0 226 477266 0 1769891512 315408
0 227 462001 0 1769891512 777416
0 228 465422 0 1769891513 242848
0 229 457535 0 1769891513 700391
0 230 453926 0 1769891514 154325
0 231 453992 0 1769891514 608325
0 232 449863 0 1769891515 58197
0 233 472525 0 1769891515 530730
0 234 458847 0 1769891515 989586
0 235 468504 0 1769891516 458098
0 236 438263 0 1769891516 896369
0 237 452088 0 1769891517 348472
0 238 468273 0 1769891517 816753
0 239 452042 0 1769891518 268803
0 240 452219 0 1769891518 721029
0 241 480771 0 1769891519 201809
0 242 451599 0 1769891519 653417
0 243 461119 0 1769891520 114543
0 244 450716 0 1769891520 565268
0 245 453650 0 1769891521 18925
0 246 463597 0 1769891521 482530
0 247 476515 0 1769891521 959054
0 248 448886 0 1769891522 407948
0 249 454957 0 1769891522 862912
0 250 457826 0 1769891523 320747
0 251 453512 0 1769891523 774267
0 252 459466 0 1769891524 233741
0 253 456076 0 1769891524 689825
0 254 467275 0 1769891525 157182
0 255 460680 0 1769891525 617870
0 256 457346 0 1769891526 75224
0 257 461967 0 1769891526 537199
0 258 460328 0 1769891526 997536
0 259 471118 0 1769891527 468662
0 260 453707 0 1769891527 922378
0 261 480220 0 1769891528 402605
0 262 454325 0 1769891528 856939
0 263 478227 0 1769891529 335181
0 264 448373 0 1769891529 783563
0 265 464489 0 1769891530 248060
0 266 450590 0 1769891530 698658
0 267 446731 0 1769891531 145397
0 268 461765 0 1769891531 607172
0 269 458834 0 1769891532 66015
0 270 451172 0 1769891532 517194
0 271 458214 0 1769891532 975417
0 272 464424 0 1769891533 439849
0 273 459031 0 1769891533 898888
0 274 457547 0 1769891534 356448
0 275 461024 0 1769891534 817480
0 276 440821 0 1769891535 258310
0 277 470000 0 1769891535 728317
0 278 458856 0 1769891536 187182
0 279 461641 0 1769891536 648831
0 280 457323 0 1769891537 106162
0 281 459640 0 1769891537 565810
0 282 454894 0 1769891538 20712
0 283 457549 0 1769891538 478269
0 284 447069 0 1769891538 925345
0 285 466393 0 1769891539 391754
0 286 453344 0 1769891539 845107
0 287 477231 0 1769891540 322346
0 288 434433 0 1769891540 756788
0 289 458794 0 1769891541 215590
0 290 458993 0 1769891541 674592
0 291 463536 0 1769891542 138137
0 292 447193 0 1769891542 585339
0 293 463290 0 1769891543 48637
0 294 447224 0 1769891543 495869
0 295 463273 0 1769891543 959150
0 296 453219 0 1769891544 412383
0 297 454677 0 1769891544 867068
0 298 447358 0 1769891545 314440
0 299 458783 0 1769891545 773232
0 300 437582 0 1769891546 210822
0 301 458576 0 1769891546 669406
0 302 467600 0 1769891547 137020
0 303 460235 0 1769891547 597267
0 304 460685 0 1769891548 57963
0 305 459348 0 1769891548 517323
0 306 456936 0 1769891548 974268
0 307 436183 0 1769891549 410459
0 308 446305 0 1769891549 856773
0 309 473375 0 1769891550 330157
0 310 434335 0 1769891550 764499
0 311 456595 0 1769891551 221103
0 312 455486 0 1769891551 676598
0 313 475092 0 1769891552 151698
0 314 453919 0 1769891552 605625
0 315 460701 0 1769891553 66334
0 316 473783 0 1769891553 540124
0 317 466317 0 1769891554 6450
0 318 444773 0 1769891554 451232
0 319 468117 0 1769891554 919357
0 320 449883 0 1769891555 369248
0 321 458681 0 1769891555 827936
0 322 461717 0 1769891556 289662
0 323 458691 0 1769891556 748361
0 324 453410 0 1769891557 201779
0 325 466846 0 1769891557 668633
0 326 439939 0 1769891558 108580
0 327 453027 0 1769891558 561615
0 328 470804 0 1769891559 32427
0 329 453776 0 1769891559 486212
0 330 463322 0 1769891559 949542
0 331 458091 0 1769891560 407640
0 332 453704 0 1769891560 861353
0 333 461621 0 1769891561 322991
0 334 438426 0 1769891561 761425
0 335 471507 0 1769891562 232940
0 336 450914 0 1769891562 683862
0 337 470734 0 1769891563 154605
0 338 452328 0 1769891563 606941
0 339 473717 0 1769891564 80666
0 340 457013 0 1769891564 537693
0 341 445752 0 1769891564 983453
0 342 466642 0 1769891565 450103
0 343 458946 0 1769891565 909056
0 344 466461 0 1769891566 375528
0 345 457496 0 1769891566 833033
0 346 440518 0 1769891567 273565
0 347 455497 0 1769891567 729070
0 348 460145 0 1769891568 189223
0 349 456092 0 1769891568 645323
0 350 458780 0 1769891569 104111
0 351 460932 0 1769891569 565050
0 352 451502 0 1769891570 16568
0 353 456501 0 1769891570 473076
0 354 449304 0 1769891570 922388
0 355 455449 0 1769891571 377846
0 356 458572 0 1769891571 836426
0 357 467023 0 1769891572 303458
0 358 449646 0 1769891572 753112
0 359 475094 0 1769891573 228214
0 360 462105 0 1769891573 690327
0 361 478832 0 1769891574 169174
0 362 457538 0 1769891574 626720
0 363 470289 0 1769891575 97016
0 364 459237 0 1769891575 556262
0 365 476332 0 1769891576 32601
0 366 448730 0 1769891576 481340
0 367 446328 0 1769891576 927677
0 368 477762 0 1769891577 405448
0 369 460422 0 1769891577 865879
0 370 458941 0 1769891578 324828
0 371 461937 0 1769891578 786773
0 372 459303 0 1769891579 246084
0 373 457217 0 1769891579 703309
0 374 441865 0 1769891580 145182
0 375 456852 0 1769891580 602043
0 376 468231 0 1769891581 70282
0 377 457676 0 1769891581 527967
0 378 462614 0 1769891581 990641
0 379 464457 0 1769891582 455107
0 380 460978 0 1769891582 916093
0 381 446404 0 1769891583 362506
0 382 450316 0 1769891583 812831
0 383 472515 0 1769891584 285354
0 384 454232 0 1769891584 739594
0 385 472378 0 1769891585 211979
0 386 450423 0 1769891585 662411
0 387 461787 0 1769891586 124206
0 388 463312 0 1769891586 587525
0 389 447027 0 1769891587 34561
0 390 454670 0 1769891587 489240
0 391 488889 0 1769891587 978137
0 392 459280 0 1769891588 437425
0 393 458733 0 1769891588 896166
0 394 469503 0 1769891589 365677
0 395 450222 0 1769891589 815908
0 396 456907 0 1769891590 272823
0 397 450205 0 1769891590 723036
0 398 468294 0 1769891591 191339
0 399 458743 0 1769891591 650095
0 400 457737 0 1769891592 107843
0 401 469309 0 1769891592 577161
0 402 455910 0 1769891593 33081
0 403 465891 0 1769891593 498980
0 404 455030 0 1769891593 954019
0 405 449014 0 1769891594 403040
0 406 457243 0 1769891594 860299
0 407 461868 0 1769891595 322178
0 408 453547 0 1769891595 775735
0 409 464064 0 1769891596 239807
0 410 459326 0 1769891596 699141
0 411 462665 0 1769891597 161816
0 412 454819 0 1769891597 616650
0 413 456202 0 1769891598 72861
0 414 457757 0 1769891598 530627
0 415 472992 0 1769891599 3627
0 416 466982 0 1769891599 470617
0 417 469747 0 1769891599 940371
0 418 438964 0 1769891600 379344
0 419 448186 0 1769891600 827538
0 420 471133 0 1769891601 298679
0 421 456742 0 1769891601 755428
0 422 461080 0 1769891602 216517
0 423 466745 0 1769891602 683270
0 424 456910 0 1769891603 140188
0 425 457949 0 1769891603 598145
0 426 451429 0 1769891604 49582
0 427 451048 0 1769891604 500637
0 428 475696 0 1769891604 976342
0 429 462796 0 1769891605 439150
0 430 458700 0 1769891605 897861
0 431 463217 0 1769891606 361086
0 432 452643 0 1769891606 813737
0 433 463451 0 1769891607 277195
0 434 442482 0 1769891607 719686
0 435 477457 0 1769891608 197151
0 436 459797 0 1769891608 656956
0 437 462873 0 1769891609 119837
0 438 458563 0 1769891609 578409
0 439 465568 0 1769891610 43985
0 440 455973 0 1769891610 499965
0 441 444653 0 1769891610 944627
0 442 474411 0 1769891611 419046
0 443 464723 0 1769891611 883777
0 444 457640 0 1769891612 341425
0 445 462096 0 1769891612 803529
0 446 461884 0 1769891613 265421
0 447 457178 0 1769891613 722607
0 448 453346 0 1769891614 175961
0 449 458303 0 1769891614 634271
0 450 450292 0 1769891615 84571
0 451 474207 0 1769891615 558787
0 452 441007 0 1769891615 999806
0 453 451995 0 1769891616 451809
0 454 470383 0 1769891616 922202
0 455 468409 0 1769891617 390620
0 456 451283 0 1769891617 841913
0 457 462166 0 1769891618 304087
0 458 445300 0 1769891618 749396
0 459 467821 0 1769891619 217225
0 460 453368 0 1769891619 670601
0 461 457910 0 1769891620 128525
0 462 471238 0 1769891620 599772
0 463 454922 0 1769891621 54704
0 464 461393 0 1769891621 516104
0 465 462335 0 1769891621 978448
0 466 452525 0 1769891622 430982
0 467 457360 0 1769891622 888351
0 468 464860 0 1769891623 353220
0 469 460464 0 1769891623 813693
0 470 474487 0 1769891624 288187
0 471 456514 0 1769891624 744712
0 472 473979 0 1769891625 218705
0 473 468426 0 1769891625 687141
0 474 462078 0 1769891626 149229
0 475 460307 0 1769891626 609545
0 476 452914 0 1769891627 62470
0 477 485552 0 1769891627 548031
0 478 471298 0 1769891628 19344
0 479 471475 0 1769891628 490828
0 480 441102 0 1769891628 931940
0 481 482356 0 1769891629 414305
0 482 459891 0 1769891629 874204
0 483 463029 0 1769891630 337241
0 484 450708 0 1769891630 787958
0 485 471319 0 1769891631 259287
0 486 460221 0 1769891631 719517
0 487 473359 0 1769891632 192883
0 488 467667 0 1769891632 660558
0 489 466099 0 1769891633 126673
0 490 479523 0 1769891633 606206
0 491 465782 0 1769891634 71998
0 492 463964 0 1769891634 535970
0 493 465325 0 1769891635 1304
0 494 456234 0 1769891635 457547
0 495 471421 0 1769891635 928977
0 496 448244 0 1769891636 377228
0 497 478514 0 1769891636 855752
0 498 466978 0 1769891637 322738
0 499 458315 0 1769891637 781063
0 500 464748 0 1769891638 245825
0 501 463235 0 1769891638 709070
0 502 455464 0 1769891639 164542
0 503 465505 0 1769891639 630110
0 504 471406 0 1769891640 101527
0 505 470426 0 1769891640 571962
0 506 458011 0 1769891641 29984
0 507 455173 0 1769891641 485166
0 508 450346 0 1769891641 935521
0 509 475687 0 1769891642 411216
0 510 448536 0 1769891642 859767
0 511 476182 0 1769891643 335959
0 512 456481 0 1769891643 792448
0 513 469000 0 1769891644 261456
0 514 455960 0 1769891644 717424
0 515 466990 0 1769891645 184421
0 516 458123 0 1769891645 642553
0 517 454223 0 1769891646 96783
0 518 466464 0 1769891646 563256
0 519 462899 0 1769891647 26163
0 520 457804 0 1769891647 483975
0 521 475956 0 1769891647 959939
0 522 459891 0 1769891648 419840
0 523 458060 0 1769891648 877908
0 524 456486 0 1769891649 334402
0 525 477724 0 1769891649 812134
0 526 457229 0 1769891650 269371
0 527 460320 0 1769891650 729700
0 528 455125 0 1769891651 184833
0 529 462616 0 1769891651 647457
0 530 458137 0 1769891652 105602
0 531 452374 0 1769891652 557983
0 532 451153 0 1769891653 9145
0 533 477619 0 1769891653 486772
0 534 461881 0 1769891653 948661
0 535 473614 0 1769891654 422283
0 536 458505 0 1769891654 880796
0 537 470916 0 1769891655 351720
0 538 467442 0 1769891655 819186
0 539 462287 0 1769891656 281482
0 540 457754 0 1769891656 739245
0 541 457779 0 1769891657 197032
0 542 458120 0 1769891657 655161
0 543 473440 0 1769891658 128609
0 544 450106 0 1769891658 578723
0 545 477687 0 1769891659 56419
0 546 459110 0 1769891659 515536
0 547 470339 0 1769891659 985884
0 548 463175 0 1769891660 449068
0 549 448020 0 1769891660 897096
0 550 460949 0 1769891661 358053
0 551 460970 0 1769891661 819032
0 552 449091 0 1769891662 268132
0 553 473395 0 1769891662 741536
0 554 452905 0 1769891663 194449
0 555 465117 0 1769891663 659574
0 556 464553 0 1769891664 124136
0 557 466508 0 1769891664 590658
0 558 457756 0 1769891665 48422
0 559 455006 0 1769891665 503437
0 560 466282 0 1769891665 969727
0 561 461985 0 1769891666 431721
0 562 452036 0 1769891666 883782
0 563 467408 0 1769891667 351199
0 564 451961 0 1769891667 803169
0 565 469998 0 1769891668 273175
0 566 456616 0 1769891668 729799
0 567 454731 0 1769891669 184537
0 568 460394 0 1769891669 644940
0 569 456669 0 1769891670 101617
0 570 456830 0 1769891670 558457
0 571 471845 0 1769891671 30310
0 572 459886 0 1769891671 490204
0 573 465505 0 1769891671 955717
0 574 448646 0 1769891672 404386
0 575 468866 0 1769891672 873260
0 576 447128 0 1769891673 320395
0 577 460805 0 1769891673 781209
0 578 470525 0 1769891674 251743
0 579 460098 0 1769891674 711849
0 580 456185 0 1769891675 168042
0 581 461277 0 1769891675 629327
0 582 438976 0 1769891676 68312
0 583 460963 0 1769891676 529283
0 584 460469 0 1769891676 989760
0 585 470754 0 1769891677 460522
0 586 452362 0 1769891677 912892
0 587 460784 0 1769891678 373684
0 588 452740 0 1769891678 826433
0 589 460019 0 1769891679 286460
0 590 439115 0 1769891679 725583
0 591 463656 0 1769891680 189246
0 592 460487 0 1769891680 649742
0 593 456609 0 1769891681 106360
0 594 461252 0 1769891681 567621
0 595 462711 0 1769891682 30340
0 596 451354 0 1769891682 481703
0 597 457950 0 1769891682 939661
0 598 463927 0 1769891683 403596
0 599 476689 0 1769891683 880293
0 600 469829 0 1769891684 350130
0 601 480057 0 1769891684 830196
0 602 455291 0 1769891685 285494
0 603 457049 0 1769891685 742552
0 604 461213 0 1769891686 203773
0 605 461139 0 1769891686 664925
0 606 457383 0 1769891687 122316
0 607 454598 0 1769891687 576922
0 608 471146 0 1769891688 48080
0 609 455878 0 1769891688 503966
0 610 462261 0 1769891688 966240
0 611 464766 0 1769891689 431015
0 612 447020 0 1769891689 878043
0 613 440847 0 1769891690 318898
0 614 453542 0 1769891690 772451
0 615 467863 0 1769891691 240323
0 616 447769 0 1769891691 688100
0 617 462130 0 1769891692 150239
0 618 451590 0 1769891692 601838
0 619 464925 0 1769891693 66774
0 620 778319 0 1769891693 845101
0 621 543468 0 1769891694 388577
0 622 521643 0 1769891694 910230
0 623 506876 0 1769891695 417113
0 624 521525 0 1769891695 938647
0 625 526416 0 1769891696 465070
0 626 514869 0 1769891696 979947
0 627 533067 0 1769891697 513072
0 628 514852 0 1769891698 27932
0 629 512121 0 1769891698 540061
0 630 534105 0 1769891699 74174
0 631 520331 0 1769891699 594513
0 632 510656 0 1769891700 105178
0 633 517435 0 1769891700 622622
0 634 520612 0 1769891701 143242
0 635 500460 0 1769891701 643710
0 636 530287 0 1769891702 174004
0 637 512493 0 1769891702 686506
0 638 509169 0 1769891703 195682
0 639 511665 0 1769891703 707356
0 640 528719 0 1769891704 236083
0 641 496647 0 1769891704 732738
0 642 494211 0 1769891705 226963
0 643 508965 0 1769891705 735936
0 644 531369 0 1769891706 267318
0 645 516617 0 1769891706 783943
0 646 509598 0 1769891707 293550
0 647 514536 0 1769891707 808094
0 648 529283 0 1769891708 337386
0 649 502562 0 1769891708 839957
0 650 521943 0 1769891709 361908
0 651 518274 0 1769891709 880190
0 652 518451 0 1769891710 398650
0 653 531732 0 1769891710 930395
0 654 523376 0 1769891711 453779
0 655 502835 0 1769891711 956622
0 656 545257 0 1769891712 501888
0 657 510935 0 1769891713 12830
0 658 514843 0 1769891713 527682
0 659 503375 0 1769891714 31065
0 660 515923 0 1769891714 546996
0 661 515546 0 1769891715 62549
0 662 514770 0 1769891715 577328
0 663 507898 0 1769891716 85234
0 664 520560 0 1769891716 605802
0 665 517947 0 1769891717 123758
0 666 508416 0 1769891717 632182
0 667 506746 0 1769891718 138935
0 668 482904 0 1769891718 621849
0 669 522084 0 1769891719 143945
0 670 526459 0 1769891719 670413
0 671 506031 0 1769891720 176452
0 672 505181 0 1769891720 681642
0 673 510767 0 1769891721 192417
0 674 513369 0 1769891721 705795
0 675 513383 0 1769891722 219193
0 676 499371 0 1769891722 718578
0 677 493465 0 1769891723 212054
0 678 520599 0 1769891723 732661
0 679 514327 0 1769891724 247003
0 680 505201 0 1769891724 752213
0 681 504397 0 1769891725 256618
0 682 517621 0 1769891725 774248
0 683 506811 0 1769891726 281074
0 684 513297 0 1769891726 794386
0 685 509675 0 1769891727 304070
0 686 512346 0 1769891727 816427
0 687 514179 0 1769891728 330615
0 688 503738 0 1769891728 834363
0 689 511627 0 1769891729 346006
0 690 508693 0 1769891729 854713
0 691 531053 0 1769891730 385774
0 692 512633 0 1769891730 898417
0 693 503693 0 1769891731 402126
0 694 519110 0 1769891731 921250
0 695 520702 0 1769891732 441960
0 696 504457 0 1769891732 946429
0 697 523906 0 1769891733 470344
0 698 527627 0 1769891733 997980
0 699 508585 0 1769891734 506580
0 700 510320 0 1769891735 16912
0 701 518606 0 1769891735 535526
0 702 508538 0 1769891736 44073
0 703 539453 0 1769891736 583540
0 704 515032 0 1769891737 98583
0 705 502862 0 1769891737 601452
0 706 524552 0 1769891738 126015
0 707 514334 0 1769891738 640357
0 708 508144 0 1769891739 148519
0 709 503726 0 1769891739 652253
0 710 521849 0 1769891740 174110
0 711 513745 0 1769891740 687862
0 712 511988 0 1769891741 199859
0 713 501699 0 1769891741 701565
0 714 525070 0 1769891742 226644
0 715 509405 0 1769891742 736057
0 716 507571 0 1769891743 243635
0 717 507009 0 1769891743 750652
0 718 476282 0 1769891744 226943
0 719 514457 0 1769891744 741417
0 720 522728 0 1769891745 264154
0 721 519590 0 1769891745 783753
0 722 518412 0 1769891746 302174
0 723 506340 0 1769891746 808522
0 724 515664 0 1769891747 324194
0 725 482865 0 1769891747 807068
0 726 525709 0 1769891748 332785
0 727 504189 0 1769891748 836982
0 728 517244 0 1769891749 354239
0 729 493578 0 1769891749 847828
0 730 514167 0 1769891750 362008
0 731 517250 0 1769891750 879266
0 732 499512 0 1769891751 378785
0 733 506279 0 1769891751 885072
0 734 501967 0 1769891752 387048
0 735 515435 0 1769891752 902491
0 736 524777 0 1769891753 427276
0 737 516164 0 1769891753 943448
0 738 520489 0 1769891754 463945
0 739 500517 0 1769891754 964471
0 740 532540 0 1769891755 497020
0 741 520453 0 1769891756 17481
0 742 492732 0 1769891756 510221
0 743 501121 0 1769891757 11350
0 744 517290 0 1769891757 528648
0 745 510848 0 1769891758 39505
0 746 522073 0 1769891758 561587
0 747 499129 0 1769891759 60724
0 748 521291 0 1769891759 582022
0 749 521103 0 1769891760 103134
0 750 506465 0 1769891760 609607
0 751 509159 0 1769891761 118774
0 752 516508 0 1769891761 635354
0 753 529119 0 1769891762 164481
0 754 521221 0 1769891762 685709
0 755 543229 0 1769891763 228947
0 756 485461 0 1769891763 714416
0 757 513749 0 1769891764 228172
0 758 513512 0 1769891764 741693
0 759 513923 0 1769891765 255625
0 760 519651 0 1769891765 775287
0 761 499737 0 1769891766 275032
0 762 520699 0 1769891766 795739
0 763 511626 0 1769891767 307373
0 764 492365 0 1769891767 799746
0 765 510256 0 1769891768 310011
0 766 525301 0 1769891768 835320
0 767 523171 0 1769891769 358498
0 768 509945 0 1769891769 868452
0 769 510911 0 1769891770 379371
0 770 516825 0 1769891770 896205
0 771 511903 0 1769891771 408116
0 772 518022 0 1769891771 926147
0 773 501872 0 1769891772 428027
0 774 533723 0 1769891772 961758
0 775 527551 0 1769891773 489317
0 776 509065 0 1769891773 998390
0 777 521599 0 1769891774 519998
0 778 513960 0 1769891775 33973
0 779 530455 0 1769891775 564436
0 780 508906 0 1769891776 73350
0 781 549018 0 1769891776 622376
0 782 520223 0 1769891777 142608
0 783 502890 0 1769891777 645506
0 784 527803 0 1769891778 173317
0 785 508173 0 1769891778 681498
0 786 504916 0 1769891779 186423
0 787 527147 0 1769891779 713578
0 788 513456 0 1769891780 227043
0 789 516494 0 1769891780 743547
0 790 513465 0 1769891781 257020
0 791 504873 0 1769891781 761908
0 792 522462 0 1769891782 284378
0 793 501312 0 1769891782 785707
0 794 521292 0 1769891783 307008
0 795 501216 0 1769891783 808232
0 796 512249 0 1769891784 320489
0 797 511669 0 1769891784 832166
0 798 505825 0 1769891785 337999
0 799 510111 0 1769891785 848118
0 800 525411 0 1769891786 373537
0 801 502336 0 1769891786 875881
0 802 513754 0 1769891787 389642
0 803 482784 0 1769891787 872434
0 804 522376 0 1769891788 394819
0 805 516613 0 1769891788 911447
0 806 504504 0 1769891789 415960
0 807 525730 0 1769891789 941700
0 808 502839 0 1769891790 444547
0 809 521742 0 1769891790 966298
0 810 517555 0 1769891791 483861
0 811 499396 0 1769891791 983271
0 812 508204 0 1769891792 491484
0 813 513139 0 1769891793 4632
0 814 524528 0 1769891793 529169
0 815 515220 0 1769891794 44398
0 816 505309 0 1769891794 549715
0 817 518986 0 1769891795 68713
0 818 514719 0 1769891795 583440
0 819 504719 0 1769891796 88168
0 820 514472 0 1769891796 602648
0 821 514191 0 1769891797 116847
0 822 528364 0 1769891797 645219
0 823 516976 0 1769891798 162203
0 824 507255 0 1769891798 669466
0 825 520260 0 1769891799 189734
0 826 523006 0 1769891799 712748
0 827 510294 0 1769891800 223050
0 828 512984 0 1769891800 736042
0 829 535497 0 1769891801 271548
0 830 510321 0 1769891801 781877
0 831 521239 0 1769891802 303124
0 832 514697 0 1769891802 817829
0 833 549705 0 1769891803 367543
0 834 515704 0 1769891803 883257
0 835 506702 0 1769891804 389968
0 836 449200 0 1769891804 839176
0 837 467832 0 1769891805 307016
0 838 457459 0 1769891805 764484
0 839 463432 0 1769891806 227923
0 840 455992 0 1769891806 683924
0 841 451314 0 1769891807 135252
0 842 435482 0 1769891807 570744
0 843 468371 0 1769891808 39123
0 844 452810 0 1769891808 491942
0 845 439565 0 1769891808 931515
0 846 447085 0 1769891809 378608
0 847 426137 0 1769891809 804752
0 848 470195 0 1769891810 274955
0 849 458001 0 1769891810 732965
0 850 449770 0 1769891811 182744
0 851 458286 0 1769891811 641038
0 852 431993 0 1769891812 73039
0 853 440585 0 1769891812 513633
0 854 480691 0 1769891812 994333
0 855 479275 0 1769891813 473616
0 856 461674 0 1769891813 935298
0 857 467475 0 1769891814 402782
0 858 456225 0 1769891814 859015
0 859 474510 0 1769891815 333534
0 860 438607 0 1769891815 772150
0 861 483009 0 1769891816 255168
0 862 464805 0 1769891816 719989
0 863 467872 0 1769891817 187876
0 864 469207 0 1769891817 657093
0 865 464560 0 1769891818 121665
0 866 459277 0 1769891818 580950
0 867 470499 0 1769891819 51460
0 868 441200 0 1769891819 492668
0 869 466446 0 1769891819 959128
0 870 473668 0 1769891820 432806
0 871 473595 0 1769891820 906412
0 872 461070 0 1769891821 367490
0 873 468337 0 1769891821 835838
0 874 462437 0 1769891822 298290
0 875 470129 0 1769891822 768434
0 876 453359 0 1769891823 221856
0 877 481348 0 1769891823 703213
0 878 462202 0 1769891824 165426
0 879 460932 0 1769891824 626367
0 880 456765 0 1769891825 83147
0 881 464350 0 1769891825 547507
0 882 453272 0 1769891826 794
0 883 454633 0 1769891826 455436
0 884 460550 0 1769891826 915994
0 885 480057 0 1769891827 396061
0 886 450186 0 1769891827 846256
0 887 456783 0 1769891828 303046
0 888 435831 0 1769891828 738886
0 889 450365 0 1769891829 189259
0 890 461146 0 1769891829 650414
0 891 459026 0 1769891830 109448
0 892 462909 0 1769891830 572366
0 893 465026 0 1769891831 37400
0 894 457460 0 1769891831 494868
0 895 447962 0 1769891831 942839
0 896 436553 0 1769891832 379400
0 897 449917 0 1769891832 829324
0 898 475877 0 1769891833 305209
0 899 467273 0 1769891833 772491
0 900 440700 0 1769891834 213199
0 901 452187 0 1769891834 665393
0 902 454490 0 1769891835 119891
0 903 465800 0 1769891835 585700
0 904 452119 0 1769891836 37826
0 905 466165 0 1769891836 503999
0 906 428495 0 1769891836 932502
0 907 459151 0 1769891837 391661
0 908 453287 0 1769891837 844957
0 909 464824 0 1769891838 309790
0 910 447479 0 1769891838 757278
0 911 453641 0 1769891839 210927
0 912 451024 0 1769891839 661959
0 913 432606 0 1769891840 94574
0 914 466199 0 1769891840 560781
0 915 452457 0 1769891841 13246
0 916 457227 0 1769891841 470481
0 917 460035 0 1769891841 930524
0 918 468925 0 1769891842 399457
0 919 450360 0 1769891842 849826
0 920 452932 0 1769891843 302766
0 921 449126 0 1769891843 751900
0 922 429949 0 1769891844 181858
0 923 470258 0 1769891844 652124
0 924 447693 0 1769891845 99826
0 925 456158 0 1769891845 555992
0 926 451657 0 1769891846 7657
0 927 463311 0 1769891846 470977
0 928 451627 0 1769891846 922613
0 929 464818 0 1769891847 387446
0 930 439414 0 1769891847 826868
0 931 465626 0 1769891848 292501
0 932 446654 0 1769891848 739164
0 933 439216 0 1769891849 178388
0 934 451359 0 1769891849 629755
0 935 464759 0 1769891850 94526
0 936 457861 0 1769891850 552395
0 937 471927 0 1769891851 24330
0 938 456708 0 1769891851 481046
0 939 454139 0 1769891851 935194
0 940 453414 0 1769891852 388616
0 941 452621 0 1769891852 841245
0 942 461265 0 1769891853 302519
0 943 455811 0 1769891853 758342
0 944 463068 0 1769891854 221421
0 945 469671 0 1769891854 691100
0 946 452299 0 1769891855 143407
0 947 467692 0 1769891855 611106
0 948 444843 0 1769891856 55958
0 949 471536 0 1769891856 527502
0 950 455193 0 1769891856 982704
0 951 441800 0 1769891857 424513
0 952 426011 0 1769891857 850532
0 953 455055 0 1769891858 305596
0 954 425394 0 1769891858 730999
0 955 472890 0 1769891859 203897
0 956 448111 0 1769891859 652016
0 957 461287 0 1769891860 113312
0 958 455769 0 1769891860 569095
0 959 458842 0 1769891861 27945
0 960 453226 0 1769891861 481179
0 961 469627 0 1769891861 950814
0 962 476548 0 1769891862 427370
0 963 478688 0 1769891862 906066
0 964 445959 0 1769891863 352035
0 965 456379 0 1769891863 808422
0 966 453510 0 1769891864 261940
0 967 458823 0 1769891864 720772
0 968 450532 0 1769891865 171313
0 969 470699 0 1769891865 642020
0 970 450023 0 1769891866 92051
0 971 466582 0 1769891866 558640
0 972 456277 0 1769891867 14926
0 973 456213 0 1769891867 471147
0 974 437272 0 1769891867 908427
0 975 454791 0 1769891868 363226
0 976 468779 0 1769891868 832014
0 977 461041 0 1769891869 293062
0 978 462870 0 1769891869 755941
0 979 440992 0 1769891870 196941
0 980 446063 0 1769891870 643013
0 981 471591 0 1769891871 114612
0 982 449132 0 1769891871 563753
0 983 442382 0 1769891872 6143
0 984 454589 0 1769891872 460740
0 985 465425 0 1769891872 926172
0 986 448001 0 1769891873 374182
0 987 472501 0 1769891873 846690
0 988 458011 0 1769891874 304709
0 989 469037 0 1769891874 773755
0 990 454748 0 1769891875 228512
0 991 442868 0 1769891875 671387
0 992 452535 0 1769891876 123931
0 993 468644 0 1769891876 592583
0 994 451540 0 1769891877 44131
0 995 458690 0 1769891877 502829
0 996 427229 0 1769891877 930066
0 997 453147 0 1769891878 383224
0 998 458164 0 1769891878 841397
0 999 453003 0 1769891879 294408
0 1000 451796 0 1769891879 746212
