0 1 1129767 0 1769891883 955767
0 2 484520 0 1769891884 440302
0 3 457512 0 1769891884 897822
0 4 460230 0 1769891885 358060
0 5 468410 0 1769891885 826478
0 6 459327 0 1769891886 285819
0 7 471269 0 1769891886 757096
0 8 453372 0 1769891887 210476
0 9 453141 0 1769891887 663625
0 10 449968 0 1769891888 113602
0 11 463270 0 1769891888 576882
0 12 447644 0 1769891889 24533
0 13 474302 0 1769891889 498844
0 14 456500 0 1769891889 955352
0 15 463690 0 1769891890 419050
0 16 451653 0 1769891890 870711
0 17 462323 0 1769891891 333042
0 18 450839 0 1769891891 783889
0 19 457891 0 1769891892 241788
0 20 467638 0 1769891892 709433
0 21 459488 0 1769891893 168930
0 22 472820 0 1769891893 641757
0 23 458705 0 1769891894 100471
0 24 459329 0 1769891894 559808
0 25 446795 0 1769891895 6613
0 26 448931 0 1769891895 455552
0 27 482887 0 1769891895 938446
0 28 468714 0 1769891896 407169
0 29 460616 0 1769891896 867793
0 30 462588 0 1769891897 330389
0 31 455845 0 1769891897 786241
0 32 455443 0 1769891898 241692
0 33 456903 0 1769891898 698603
0 34 466134 0 1769891899 164748
0 35 445238 0 1769891899 610002
0 36 451922 0 1769891900 61932
0 37 469550 0 1769891900 531490
0 38 447533 0 1769891900 979038
0 39 467458 0 1769891901 446504
0 40 447931 0 1769891901 894443
0 41 461205 0 1769891902 355657
0 42 454982 0 1769891902 810647
0 43 457920 0 1769891903 268575
0 44 445641 0 1769891903 714224
0 45 469901 0 1769891904 184133
0 46 470479 0 1769891904 654621
0 47 460488 0 1769891905 115117
0 48 455323 0 1769891905 570449
0 49 455029 0 1769891906 25493
0 50 440189 0 1769891906 465690
0 51 453548 0 1769891906 919247
0 52 466490 0 1769891907 385745
0 53 477466 0 1769891907 863219
0 54 459532 0 1769891908 322759
0 55 458349 0 1769891908 781116
0 56 462688 0 1769891909 243812
0 57 453965 0 1769891909 697786
0 58 448969 0 1769891910 146763
0 59 472112 0 1769891910 618887
0 60 456124 0 1769891911 75021
0 61 470866 0 1769891911 545895
0 62 435232 0 1769891911 981135
0 63 459661 0 1769891912 440804
0 64 461271 0 1769891912 902084
0 65 462663 0 1769891913 364762
0 66 461251 0 1769891913 826022
0 67 465112 0 1769891914 291142
0 68 454375 0 1769891914 745526
0 69 466782 0 1769891915 212316
0 70 451211 0 1769891915 663535
0 71 468041 0 1769891916 131584
0 72 462833 0 1769891916 594426
0 73 444127 0 1769891917 38561
0 74 451364 0 1769891917 489937
0 75 465575 0 1769891917 955520
0 76 459365 0 1769891918 414893
0 77 463158 0 1769891918 878059
0 78 440077 0 1769891919 318144
0 79 466003 0 1769891919 784156
0 80 460042 0 1769891920 244209
0 81 453063 0 1769891920 697280
0 82 457055 0 1769891921 154343
0 83 442357 0 1769891921 596708
0 84 452551 0 1769891922 49267
0 85 474420 0 1769891922 523695
0 86 452250 0 1769891922 975953
0 87 464313 0 1769891923 440274
0 88 457833 0 1769891923 898115
0 89 459494 0 1769891924 357616
0 90 450274 0 1769891924 807899
0 91 470359 0 1769891925 278266
0 92 447300 0 1769891925 725575
0 93 471855 0 1769891926 197438
0 94 457451 0 1769891926 654896
0 95 465401 0 1769891927 120306
0 96 466810 0 1769891927 587124
0 97 456644 0 1769891928 43776
0 98 458342 0 1769891928 502126
0 99 453040 0 1769891928 955173
0 100 447332 0 1769891929 402513
0 101 472271 0 1769891929 874793
0 102 461087 0 1769891930 335888
0 103 458149 0 1769891930 794045
0 104 455180 0 1769891931 249233
0 105 486529 0 1769891931 735769
0 106 449751 0 1769891932 185528
0 107 459895 0 1769891932 645431
0 108 457803 0 1769891933 103242
0 109 476008 0 1769891933 579258
0 110 458446 0 1769891934 37712
0 111 456072 0 1769891934 493792
0 112 457137 0 1769891934 950938
0 113 461137 0 1769891935 412083
0 114 450865 0 1769891935 862956
0 115 472713 0 1769891936 335682
0 116 442877 0 1769891936 778572
0 117 434022 0 1769891937 212602
0 118 461034 0 1769891937 673644
0 119 437685 0 1769891938 111337
0 120 468318 0 1769891938 579663
0 121 501641 0 1769891939 81312
0 122 449876 0 1769891939 531196
0 123 446369 0 1769891939 977575
0 124 475610 0 1769891940 453194
0 125 459694 0 1769891940 912896
0 126 455199 0 1769891941 368103
0 127 455571 0 1769891941 823685
0 128 470611 0 1769891942 294304
0 129 458492 0 1769891942 752861
0 130 459158 0 1769891943 212027
0 131 476526 0 1769891943 688561
0 132 475955 0 1769891944 164529
0 133 449207 0 1769891944 613744
0 134 450842 0 1769891945 64594
0 135 466244 0 1769891945 530846
0 136 451514 0 1769891945 982368
0 137 471451 0 1769891946 453826
0 138 452173 0 1769891946 906008
0 139 461822 0 1769891947 367838
0 140 448389 0 1769891947 816235
0 141 452252 0 1769891948 268495
0 142 442264 0 1769891948 710767
0 143 467223 0 1769891949 177997
0 144 458610 0 1769891949 636616
0 145 463400 0 1769891950 100026
0 146 462216 0 1769891950 562250
0 147 459194 0 1769891951 21453
0 148 460064 0 1769891951 481530
0 149 444803 0 1769891951 926342
0 150 430731 0 1769891952 357081
0 151 468804 0 1769891952 825893
0 152 465022 0 1769891953 290922
0 153 467144 0 1769891953 758075
0 154 449823 0 1769891954 207908
0 155 462136 0 1769891954 670052
0 156 452824 0 1769891955 122885
0 157 477086 0 1769891955 599979
0 158 447588 0 1769891956 47575
0 159 437982 0 1769891956 485570
0 160 462088 0 1769891956 947666
0 161 460427 0 1769891957 408102
0 162 460679 0 1769891957 868789
0 163 462962 0 1769891958 331759
0 164 447754 0 1769891958 779522
0 165 431093 0 1769891959 210623
0 166 454053 0 1769891959 664684
0 167 461332 0 1769891960 126023
0 168 463081 0 1769891960 589113
0 169 454738 0 1769891961 43860
0 170 457921 0 1769891961 501792
0 171 460174 0 1769891961 961976
0 172 455922 0 1769891962 417906
0 173 454961 0 1769891962 872880
0 174 453272 0 1769891963 326160
0 175 470349 0 1769891963 796517
0 176 451464 0 1769891964 247989
0 177 464492 0 1769891964 712489
0 178 458331 0 1769891965 170828
0 179 459243 0 1769891965 630079
0 180 457972 0 1769891966 88059
0 181 460236 0 1769891966 548303
0 182 445969 0 1769891966 994280
0 183 482058 0 1769891967 476346
0 184 430299 0 1769891967 906653
0 185 458221 0 1769891968 364882
0 186 463580 0 1769891968 828469
0 187 462308 0 1769891969 290786
0 188 451750 0 1769891969 742545
0 189 456232 0 1769891970 198785
0 190 466853 0 1769891970 665646
0 191 451268 0 1769891971 116922
0 192 463762 0 1769891971 580692
0 193 449605 0 1769891972 30305
0 194 469151 0 1769891972 499464
0 195 450781 0 1769891972 950254
0 196 463597 0 1769891973 413859
0 197 474137 0 1769891973 888003
0 198 449859 0 1769891974 337870
0 199 455355 0 1769891974 793233
0 200 448552 0 1769891975 241794
0 201 459390 0 1769891975 701192
0 202 456564 0 1769891976 157764
0 203 468574 0 1769891976 626345
0 204 458697 0 1769891977 85050
0 205 461445 0 1769891977 546504
0 206 451139 0 1769891977 997651
0 207 456532 0 1769891978 454199
0 208 448031 0 1769891978 902242
0 209 476009 0 1769891979 378266
0 210 448839 0 1769891979 827116
0 211 473610 0 1769891980 300733
0 212 450681 0 1769891980 751423
0 213 459458 0 1769891981 210890
0 214 467499 0 1769891981 678397
0 215 453197 0 1769891982 131602
0 216 456772 0 1769891982 588382
0 217 450431 0 1769891983 38822
0 218 454491 0 1769891983 493321
0 219 465717 0 1769891983 959053
0 220 461817 0 1769891984 420878
0 221 464313 0 1769891984 885199
0 222 457021 0 1769891985 342228
0 223 462075 0 1769891985 804313
0 224 436677 0 1769891986 241000
0 225 455219 0 1769891986 696231
0 226 460420 0 1769891987 156660
0 227 465255 0 1769891987 621922
0 228 453621 0 1769891988 75551
0 229 462141 0 1769891988 537700
0 230 433307 0 1769891988 971016
0 231 457750 0 1769891989 428774
0 232 464610 0 1769891989 893392
0 233 462512 0 1769891990 355912
0 234 464115 0 1769891990 820035
0 235 477562 0 1769891991 297605
0 236 450792 0 1769891991 748405
0 237 453132 0 1769891992 201546
0 238 443342 0 1769891992 644896
0 239 454330 0 1769891993 99234
0 240 443759 0 1769891993 543001
0 241 464424 0 1769891994 7433
0 242 839455 0 1769891994 846896
0 243 513724 0 1769891995 360628
0 244 506052 0 1769891995 866688
0 245 529332 0 1769891996 396027
0 246 518383 0 1769891996 914419
0 247 516300 0 1769891997 430727
0 248 509282 0 1769891997 940020
0 249 512921 0 1769891998 452949
0 250 522253 0 1769891998 975211
0 251 515305 0 1769891999 490524
0 252 501750 0 1769891999 992282
0 253 532509 0 1769892000 524799
0 254 530531 0 1769892001 55395
0 255 506074 0 1769892001 561478
0 256 536412 0 1769892002 97898
0 257 525128 0 1769892002 623035
0 258 491704 0 1769892003 114748
0 259 536122 0 1769892003 650878
0 260 495450 0 1769892004 146337
0 261 526091 0 1769892004 672436
0 262 511961 0 1769892005 184404
0 263 528987 0 1769892005 713400
0 264 503403 0 1769892006 216811
0 265 514531 0 1769892006 731350
0 266 517607 0 1769892007 248970
0 267 512232 0 1769892007 761212
0 268 513677 0 1769892008 274898
0 269 515361 0 1769892008 790268
0 270 521529 0 1769892009 311805
0 271 517114 0 1769892009 828927
0 272 515635 0 1769892010 344571
0 273 501450 0 1769892010 846031
0 274 536867 0 1769892011 382907
0 275 514694 0 1769892011 897616
0 276 504183 0 1769892012 401811
0 277 513763 0 1769892012 915584
0 278 525141 0 1769892013 440732
0 279 509660 0 1769892013 950401
0 280 515165 0 1769892014 465575
0 281 499219 0 1769892014 964807
0 282 494092 0 1769892015 458906
0 283 508394 0 1769892015 967308
0 284 506686 0 1769892016 474003
0 285 511450 0 1769892016 985468
0 286 525641 0 1769892017 511119
0 287 519694 0 1769892018 30827
0 288 521251 0 1769892018 552082
0 289 499586 0 1769892019 51676
0 290 524668 0 1769892019 576352
0 291 502824 0 1769892020 79184
0 292 511280 0 1769892020 590472
0 293 494791 0 1769892021 85271
0 294 524556 0 1769892021 609835
0 295 518753 0 1769892022 128596
0 296 508527 0 1769892022 637130
0 297 521588 0 1769892023 158726
0 298 531647 0 1769892023 690382
0 299 503355 0 1769892024 193746
0 300 521872 0 1769892024 715626
0 301 501873 0 1769892025 217507
0 302 526360 0 1769892025 743876
0 303 511386 0 1769892026 255270
0 304 522543 0 1769892026 777821
0 305 500008 0 1769892027 277837
0 306 549909 0 1769892027 827754
0 307 510343 0 1769892028 338106
0 308 517208 0 1769892028 855322
0 309 515816 0 1769892029 371146
0 310 513560 0 1769892029 884714
0 311 513491 0 1769892030 398213
0 312 494631 0 1769892030 892852
0 313 520495 0 1769892031 413355
0 314 520982 0 1769892031 934345
0 315 503686 0 1769892032 438038
0 316 509691 0 1769892032 947738
0 317 516491 0 1769892033 464237
0 318 526124 0 1769892033 990369
0 319 520333 0 1769892034 510710
0 320 516390 0 1769892035 27108
0 321 487614 0 1769892035 514730
0 322 509869 0 1769892036 24607
0 323 513252 0 1769892036 537867
0 324 517351 0 1769892037 55234
0 325 521050 0 1769892037 576292
0 326 499860 0 1769892038 76161
0 327 490949 0 1769892038 567118
0 328 522068 0 1769892039 89194
0 329 505639 0 1769892039 594841
0 330 500391 0 1769892040 95240
0 331 539621 0 1769892040 634869
0 332 515960 0 1769892041 150837
0 333 512990 0 1769892041 663835
0 334 504394 0 1769892042 168247
0 335 537618 0 1769892042 705875
0 336 499527 0 1769892043 205410
0 337 510186 0 1769892043 715604
0 338 492201 0 1769892044 207815
0 339 546262 0 1769892044 754087
0 340 515715 0 1769892045 269810
0 341 503256 0 1769892045 773075
0 342 512974 0 1769892046 286057
0 343 517969 0 1769892046 804037
0 344 503136 0 1769892047 307189
0 345 510035 0 1769892047 817234
0 346 519772 0 1769892048 337014
0 347 519806 0 1769892048 856831
0 348 517725 0 1769892049 374564
0 349 506164 0 1769892049 880736
0 350 526444 0 1769892050 407188
0 351 509306 0 1769892050 916502
0 352 512486 0 1769892051 428996
0 353 510521 0 1769892051 939525
0 354 523809 0 1769892052 463346
0 355 507328 0 1769892052 970682
0 356 514942 0 1769892053 485632
0 357 495204 0 1769892053 980843
0 358 515533 0 1769892054 496385
0 359 490796 0 1769892054 987189
0 360 531596 0 1769892055 518793
0 361 527406 0 1769892056 46207
0 362 507819 0 1769892056 554034
0 363 510995 0 1769892057 65037
0 364 493750 0 1769892057 558795
0 365 526375 0 1769892058 85178
0 366 495403 0 1769892058 580589
0 367 483975 0 1769892059 64572
0 368 523521 0 1769892059 588101
0 369 501570 0 1769892060 89679
0 370 514303 0 1769892060 603990
0 371 494731 0 1769892061 98729
0 372 527271 0 1769892061 626007
0 373 513077 0 1769892062 139093
0 374 513417 0 1769892062 652518
0 375 518496 0 1769892063 171026
0 376 546000 0 1769892063 717034
0 377 512215 0 1769892064 229258
0 378 537548 0 1769892064 766879
0 379 508489 0 1769892065 275376
0 380 519075 0 1769892065 794460
0 381 495170 0 1769892066 289637
0 382 519276 0 1769892066 808922
0 383 511344 0 1769892067 320274
0 384 525155 0 1769892067 845438
0 385 482944 0 1769892068 328390
0 386 510346 0 1769892068 838749
0 387 480214 0 1769892069 318971
0 388 524995 0 1769892069 843975
0 389 509417 0 1769892070 353400
0 390 529130 0 1769892070 882544
0 391 520606 0 1769892071 403158
0 392 482344 0 1769892071 885511
0 393 499665 0 1769892072 385184
0 394 517812 0 1769892072 903005
0 395 524117 0 1769892073 427130
0 396 527516 0 1769892073 954654
0 397 509289 0 1769892074 463951
0 398 543358 0 1769892075 7321
0 399 490524 0 1769892075 497854
0 400 508644 0 1769892076 6507
0 401 510301 0 1769892076 516816
0 402 503775 0 1769892077 20600
0 403 510493 0 1769892077 531101
0 404 533637 0 1769892078 64745
0 405 513283 0 1769892078 578037
0 406 513556 0 1769892079 91606
0 407 490194 0 1769892079 581808
0 408 512345 0 1769892080 94161
0 409 527034 0 1769892080 621203
0 410 482425 0 1769892081 103636
0 411 519166 0 1769892081 622809
0 412 508457 0 1769892082 131275
0 413 518775 0 1769892082 650057
0 414 514591 0 1769892083 164656
0 415 508358 0 1769892083 673022
0 416 494926 0 1769892084 167955
0 417 496110 0 1769892084 664074
0 418 471129 0 1769892085 135211
0 419 527874 0 1769892085 663103
0 420 520838 0 1769892086 183949
0 421 510842 0 1769892086 694798
0 422 503337 0 1769892087 198144
0 423 528250 0 1769892087 726402
0 424 503524 0 1769892088 229934
0 425 517061 0 1769892088 747003
0 426 488137 0 1769892089 235148
0 427 509628 0 1769892089 744784
0 428 510709 0 1769892090 255502
0 429 523563 0 1769892090 779075
0 430 519563 0 1769892091 298646
0 431 507715 0 1769892091 806369
0 432 531942 0 1769892092 338319
0 433 522572 0 1769892092 860899
0 434 486852 0 1769892093 347759
0 435 515588 0 1769892093 863355
0 436 508561 0 1769892094 371924
0 437 525578 0 1769892094 897511
0 438 516586 0 1769892095 414104
0 439 511821 0 1769892095 925933
0 440 506318 0 1769892096 432258
0 441 524073 0 1769892096 956339
0 442 509084 0 1769892097 465432
0 443 521615 0 1769892097 987062
0 444 496087 0 1769892098 483156
0 445 522959 0 1769892099 6124
0 446 504704 0 1769892099 510836
0 447 506509 0 1769892100 17353
0 448 491685 0 1769892100 509046
0 449 514628 0 1769892101 23682
0 450 513863 0 1769892101 537553
0 451 482649 0 1769892102 20214
0 452 512338 0 1769892102 532561
0 453 526236 0 1769892103 58806
0 454 509928 0 1769892103 568750
0 455 519075 0 1769892104 87834
0 456 513635 0 1769892104 601478
0 457 455121 0 1769892105 56608
0 458 459560 0 1769892105 516175
0 459 456641 0 1769892105 972825
0 460 462230 0 1769892106 435063
0 461 467154 0 1769892106 902226
0 462 456175 0 1769892107 358408
0 463 443153 0 1769892107 801579
0 464 448381 0 1769892108 249969
0 465 469560 0 1769892108 719538
0 466 457999 0 1769892109 177545
0 467 447814 0 1769892109 625368
0 468 460850 0 1769892110 86227
0 469 479686 0 1769892110 565921
0 470 460476 0 1769892111 26408
0 471 454930 0 1769892111 481346
0 472 456036 0 1769892111 937391
0 473 460611 0 1769892112 398012
0 474 455786 0 1769892112 853813
0 475 447144 0 1769892113 300968
0 476 485692 0 1769892113 786669
0 477 432985 0 1769892114 219661
0 478 436159 0 1769892114 655829
0 479 449413 0 1769892115 105251
0 480 442142 0 1769892115 547402
0 481 470475 0 1769892116 17885
0 482 463427 0 1769892116 481320
0 483 453220 0 1769892116 934551
0 484 467520 0 1769892117 402079
0 485 454227 0 1769892117 856313
0 486 457783 0 1769892118 314105
0 487 456327 0 1769892118 770440
0 488 449001 0 1769892119 219449
0 489 472034 0 1769892119 691491
0 490 464832 0 1769892120 156332
0 491 462464 0 1769892120 618804
0 492 453910 0 1769892121 72722
0 493 458120 0 1769892121 530850
0 494 462070 0 1769892121 992927
0 495 464778 0 1769892122 457718
0 496 455460 0 1769892122 913185
0 497 465352 0 1769892123 378546
0 498 449583 0 1769892123 828136
0 499 452414 0 1769892124 280559
0 500 480764 0 1769892124 761330
0 501 447839 0 1769892125 209178
0 502 468941 0 1769892125 678128
0 503 450900 0 1769892126 129086
0 504 457481 0 1769892126 586575
0 505 455459 0 1769892127 42042
0 506 464709 0 1769892127 506758
0 507 441516 0 1769892127 948282
0 508 472711 0 1769892128 421000
0 509 452442 0 1769892128 873450
0 510 458910 0 1769892129 332369
0 511 462688 0 1769892129 795068
0 512 457754 0 1769892130 252831
0 513 456512 0 1769892130 709351
0 514 460567 0 1769892131 169934
0 515 448120 0 1769892131 618062
0 516 465719 0 1769892132 83790
0 517 471913 0 1769892132 555711
0 518 461737 0 1769892133 17486
0 519 456075 0 1769892133 473574
0 520 458995 0 1769892133 932579
0 521 463125 0 1769892134 395712
0 522 445612 0 1769892134 841332
0 523 447652 0 1769892135 288995
0 524 443413 0 1769892135 732417
0 525 473807 0 1769892136 206232
0 526 470850 0 1769892136 677090
0 527 452396 0 1769892137 129494
0 528 435766 0 1769892137 565267
0 529 451037 0 1769892138 16313
0 530 474818 0 1769892138 491147
0 531 451798 0 1769892138 942954
0 532 460635 0 1769892139 403597
0 533 441378 0 1769892139 844983
0 534 448648 0 1769892140 293640
0 535 467932 0 1769892140 761581
0 536 460525 0 1769892141 222113
0 537 452177 0 1769892141 674299
0 538 436946 0 1769892142 111253
0 539 459233 0 1769892142 570495
0 540 470934 0 1769892143 41439
0 541 451982 0 1769892143 493436
0 542 463827 0 1769892143 957272
0 543 453285 0 1769892144 410565
0 544 459484 0 1769892144 870057
0 545 453218 0 1769892145 323282
0 546 464150 0 1769892145 787442
0 547 464313 0 1769892146 251763
0 548 472605 0 1769892146 724377
0 549 434359 0 1769892147 158745
0 550 436484 0 1769892147 595236
0 551 448898 0 1769892148 44143
0 552 432295 0 1769892148 476453
0 553 463721 0 1769892148 940184
0 554 453127 0 1769892149 393322
0 555 452770 0 1769892149 846105
0 556 451137 0 1769892150 297256
0 557 459070 0 1769892150 756341
0 558 461525 0 1769892151 217878
0 559 457641 0 1769892151 675527
0 560 446753 0 1769892152 122289
0 561 461971 0 1769892152 584268
0 562 458608 0 1769892153 42883
0 563 457685 0 1769892153 500585
0 564 447327 0 1769892153 947921
0 565 447389 0 1769892154 395318
0 566 474513 0 1769892154 869840
0 567 453561 0 1769892155 323408
0 568 466141 0 1769892155 789559
0 569 445044 0 1769892156 234611
0 570 452816 0 1769892156 687436
0 571 453294 0 1769892157 140739
0 572 442838 0 1769892157 583585
0 573 453651 0 1769892158 37244
0 574 466799 0 1769892158 504058
0 575 460615 0 1769892158 964682
0 576 445175 0 1769892159 409865
0 577 432739 0 1769892159 842613
0 578 426379 0 1769892160 268999
0 579 429403 0 1769892160 698410
0 580 460149 0 1769892161 158568
0 581 468415 0 1769892161 626992
0 582 453941 0 1769892162 80941
0 583 464418 0 1769892162 545368
0 584 451774 0 1769892162 997150
0 585 458900 0 1769892163 456065
0 586 453366 0 1769892163 909441
0 587 449183 0 1769892164 358632
0 588 451143 0 1769892164 809784
0 589 467863 0 1769892165 277655
0 590 442815 0 1769892165 720479
0 591 449838 0 1769892166 170325
0 592 471155 0 1769892166 641488
0 593 456264 0 1769892167 97759
0 594 465397 0 1769892167 563164
0 595 455743 0 1769892168 18917
0 596 463956 0 1769892168 482889
0 597 439993 0 1769892168 922892
0 598 448857 0 1769892169 371757
0 599 474215 0 1769892169 845981
0 600 454281 0 1769892170 300275
0 601 476183 0 1769892170 776466
0 602 461399 0 1769892171 237873
0 603 460512 0 1769892171 698393
0 604 460593 0 1769892172 158994
0 605 449651 0 1769892172 608653
0 606 445999 0 1769892173 54660
0 607 463943 0 1769892173 518610
0 608 470071 0 1769892173 988689
0 609 461334 0 1769892174 450032
0 610 453150 0 1769892174 903190
0 611 448848 0 1769892175 352046
0 612 459717 0 1769892175 811771
0 613 439258 0 1769892176 251036
0 614 440153 0 1769892176 691197
0 615 458981 0 1769892177 150185
0 616 451659 0 1769892177 601853
0 617 449735 0 1769892178 51596
0 618 473729 0 1769892178 525333
0 619 443845 0 1769892178 969186
0 620 454377 0 1769892179 423571
0 621 472643 0 1769892179 896222
0 622 459158 0 1769892180 355388
0 623 462094 0 1769892180 817490
0 624 456906 0 1769892181 274403
0 625 449751 0 1769892181 724163
0 626 435460 0 1769892182 159631
0 627 457638 0 1769892182 617277
0 628 469373 0 1769892183 86714
0 629 432841 0 1769892183 519568
0 630 454776 0 1769892183 974363
0 631 466773 0 1769892184 441145
0 632 464573 0 1769892184 905732
0 633 456860 0 1769892185 362600
0 634 445762 0 1769892185 808372
0 635 449621 0 1769892186 258001
0 636 474874 0 1769892186 732883
0 637 449663 0 1769892187 182554
0 638 469698 0 1769892187 652260
0 639 451321 0 1769892188 103588
0 640 469194 0 1769892188 572791
0 641 449694 0 1769892189 22496
0 642 473770 0 1769892189 496273
0 643 455145 0 1769892189 951427
0 644 461570 0 1769892190 413005
0 645 461147 0 1769892190 874160
0 646 464626 0 1769892191 338794
0 647 461753 0 1769892191 800556
0 648 432662 0 1769892192 233225
0 649 435347 0 1769892192 668581
0 650 452712 0 1769892193 121301
0 651 483750 0 1769892193 605063
0 652 463612 0 1769892194 68684
0 653 461616 0 1769892194 530307
0 654 458980 0 1769892194 989296
0 655 434734 0 1769892195 424038
0 656 467218 0 1769892195 891264
0 657 460810 0 1769892196 352082
0 658 459434 0 1769892196 811525
0 659 458529 0 1769892197 270067
0 660 456346 0 1769892197 726422
0 661 453967 0 1769892198 180397
0 662 458310 0 1769892198 638715
0 663 453107 0 1769892199 91837
0 664 454076 0 1769892199 545921
0 665 437442 0 1769892199 983371
0 666 469870 0 1769892200 453250
0 667 457936 0 1769892200 911194
0 668 460613 0 1769892201 371815
0 669 453932 0 1769892201 825755
0 670 457183 0 1769892202 282948
0 671 436111 0 1769892202 719066
0 672 447003 0 1769892203 166078
0 673 427020 0 1769892203 593106
0 674 472851 0 1769892204 65965
0 675 462689 0 1769892204 528662
0 676 459624 0 1769892204 988294
0 677 461475 0 1769892205 449777
0 678 461358 0 1769892205 911144
0 679 457190 0 1769892206 368343
0 680 463345 0 1769892206 831696
0 681 459266 0 1769892207 290970
0 682 460023 0 1769892207 751002
0 683 452989 0 1769892208 203999
0 684 465236 0 1769892208 669243
0 685 454122 0 1769892209 123372
0 686 461292 0 1769892209 584672
0 687 430909 0 1769892210 15590
0 688 449604 0 1769892210 465202
0 689 463275 0 1769892210 928485
0 690 456522 0 1769892211 385015
0 691 464864 0 1769892211 849887
0 692 455541 0 1769892212 305435
0 693 451129 0 1769892212 756573
0 694 455621 0 1769892213 212203
0 695 462788 0 1769892213 675004
0 696 452308 0 1769892214 127321
0 697 469408 0 1769892214 596737
0 698 456520 0 1769892215 53266
0 699 459934 0 1769892215 513209
0 700 454026 0 1769892215 967244
0 701 449235 0 1769892216 416491
0 702 462611 0 1769892216 879111
0 703 463719 0 1769892217 342838
0 704 446756 0 1769892217 789603
0 705 455013 0 1769892218 244623
0 706 463120 0 1769892218 707757
0 707 458981 0 1769892219 166746
0 708 456133 0 1769892219 622887
0 709 461083 0 1769892220 83978
0 710 457326 0 1769892220 541312
0 711 469792 0 1769892221 11112
0 712 453616 0 1769892221 464736
0 713 456790 0 1769892221 921534
0 714 449739 0 1769892222 371281
0 715 459056 0 1769892222 830345
0 716 465790 0 1769892223 296142
0 717 445895 0 1769892223 742046
0 718 450472 0 1769892224 192526
0 719 461738 0 1769892224 654275
0 720 462517 0 1769892225 116800
0 721 480390 0 1769892225 597198
0 722 440202 0 1769892226 37408
0 723 450164 0 1769892226 487580
0 724 436110 0 1769892226 923698
0 725 461086 0 1769892227 384792
0 726 460099 0 1769892227 844899
0 727 453100 0 1769892228 298007
0 728 467007 0 1769892228 765022
0 729 446966 0 1769892229 211996
0 730 456481 0 1769892229 668485
0 731 460546 0 1769892230 129038
0 732 440517 0 1769892230 569563
0 733 443248 0 1769892231 12817
0 734 464260 0 1769892231 477086
0 735 462928 0 1769892231 940022
0 736 453995 0 1769892232 394024
0 737 458024 0 1769892232 852056
0 738 457175 0 1769892233 309240
0 739 465001 0 1769892233 774249
0 740 466887 0 1769892234 241145
0 741 451722 0 1769892234 692875
0 742 459069 0 1769892235 151960
0 743 458382 0 1769892235 610354
0 744 459368 0 1769892236 69730
0 745 462227 0 1769892236 531966
0 746 449095 0 1769892236 981069
0 747 444540 0 1769892237 425618
0 748 474321 0 1769892237 899947
0 749 451686 0 1769892238 351640
0 750 465913 0 1769892238 817562
0 751 454880 0 1769892239 272450
0 752 466574 0 1769892239 739105
0 753 454205 0 1769892240 193318
0 754 456392 0 1769892240 649719
0 755 447829 0 1769892241 97556
0 756 450808 0 1769892241 548373
0 757 462905 0 1769892242 11292
0 758 460315 0 1769892242 471615
0 759 465066 0 1769892242 936690
0 760 454757 0 1769892243 391455
0 761 459411 0 1769892243 850875
0 762 458841 0 1769892244 309724
0 763 442753 0 1769892244 752485
0 764 459321 0 1769892245 211814
0 765 463750 0 1769892245 675574
0 766 464439 0 1769892246 140020
0 767 457648 0 1769892246 597676
0 768 456186 0 1769892247 53870
0 769 433558 0 1769892247 487436
0 770 459857 0 1769892247 947301
0 771 458874 0 1769892248 406183
0 772 449002 0 1769892248 855193
0 773 454231 0 1769892249 309431
0 774 473181 0 1769892249 782621
0 775 433633 0 1769892250 216261
0 776 466038 0 1769892250 682307
0 777 470343 0 1769892251 152658
0 778 445425 0 1769892251 598092
0 779 449782 0 1769892252 47882
0 780 470024 0 1769892252 517914
0 781 464852 0 1769892252 982774
0 782 455532 0 1769892253 438314
0 783 464718 0 1769892253 903040
0 784 455071 0 1769892254 358123
0 785 455138 0 1769892254 813268
0 786 447285 0 1769892255 260561
0 787 480845 0 1769892255 741416
0 788 448125 0 1769892256 189549
0 789 459651 0 1769892256 649210
0 790 442529 0 1769892257 91748
0 791 456408 0 1769892257 548164
0 792 466205 0 1769892258 14382
0 793 452515 0 1769892258 466906
0 794 465078 0 1769892258 931993
0 795 430385 0 1769892259 362391
0 796 459814 0 1769892259 822214
0 797 463666 0 1769892260 285888
0 798 465325 0 1769892260 751227
0 799 457330 0 1769892261 208566
0 800 458649 0 1769892261 667227
0 801 455047 0 1769892262 122282
0 802 440452 0 1769892262 562743
0 803 427392 0 1769892262 990144
0 804 453722 0 1769892263 443874
0 805 474704 0 1769892263 918586
0 806 451105 0 1769892264 369699
0 807 456756 0 1769892264 826463
0 808 451754 0 1769892265 278225
0 809 464176 0 1769892265 742409
0 810 455869 0 1769892266 198286
0 811 463895 0 1769892266 662189
0 812 453306 0 1769892267 115502
0 813 450204 0 1769892267 565715
0 814 455640 0 1769892268 21363
0 815 446509 0 1769892268 467880
0 816 464323 0 1769892268 932211
0 817 438703 0 1769892269 370923
0 818 476192 0 1769892269 847123
0 819 433092 0 1769892270 280223
0 820 462660 0 1769892270 742891
0 821 427680 0 1769892271 170580
0 822 470351 0 1769892271 640939
0 823 454883 0 1769892272 95830
0 824 457567 0 1769892272 553405
0 825 466236 0 1769892273 19649
0 826 453168 0 1769892273 472825
0 827 459155 0 1769892273 931988
0 828 460918 0 1769892274 392921
0 829 448850 0 1769892274 841784
0 830 431358 0 1769892275 273150
0 831 471175 0 1769892275 744334
0 832 451010 0 1769892276 195353
0 833 457795 0 1769892276 653161
0 834 447663 0 1769892277 100832
0 835 464601 0 1769892277 565440
0 836 438508 0 1769892278 3957
0 837 445972 0 1769892278 449938
0 838 471998 0 1769892278 921943
0 839 453154 0 1769892279 375106
0 840 465122 0 1769892279 840236
0 841 461760 0 1769892280 302004
0 842 467504 0 1769892280 769516
0 843 455151 0 1769892281 224674
0 844 443019 0 1769892281 667702
0 845 460631 0 1769892282 128345
0 846 441421 0 1769892282 569781
0 847 450714 0 1769892283 20504
0 848 468634 0 1769892283 489146
0 849 453501 0 1769892283 942655
0 850 455736 0 1769892284 398399
0 851 462000 0 1769892284 860407
0 852 452086 0 1769892285 312501
0 853 453493 0 1769892285 766002
0 854 439994 0 1769892286 206005
0 855 449734 0 1769892286 655747
0 856 466534 0 1769892287 122289
0 857 458477 0 1769892287 580774
0 858 457615 0 1769892288 38397
0 859 467572 0 1769892288 505978
0 860 459739 0 1769892288 965725
0 861 452029 0 1769892289 417762
0 862 472724 0 1769892289 890494
0 863 452419 0 1769892290 342921
0 864 467514 0 1769892290 810443
0 865 451567 0 1769892291 262018
0 866 440952 0 1769892291 702978
0 867 449151 0 1769892292 152138
0 868 474091 0 1769892292 626237
0 869 451716 0 1769892293 77961
0 870 459582 0 1769892293 537551
0 871 463313 0 1769892294 873
0 872 455055 0 1769892294 455936
0 873 836234 0 1769892295 292182
0 874 529528 0 1769892295 821718
0 875 491773 0 1769892296 313499
0 876 513308 0 1769892296 826815
0 877 501347 0 1769892297 328225
0 878 501485 0 1769892297 829718
0 879 535302 0 1769892298 365027
0 880 508186 0 1769892298 873222
0 881 508564 0 1769892299 381794
0 882 488798 0 1769892299 870600
0 883 492380 0 1769892300 362988
0 884 482373 0 1769892300 845369
0 885 529427 0 1769892301 374803
0 886 524164 0 1769892301 898975
0 887 496203 0 1769892302 395185
0 888 518223 0 1769892302 913417
0 889 499312 0 1769892303 412737
0 890 519899 0 1769892303 932644
0 891 503723 0 1769892304 436375
0 892 528638 0 1769892304 965021
0 893 484225 0 1769892305 449254
0 894 516872 0 1769892305 966134
0 895 511348 0 1769892306 477497
0 896 510972 0 1769892306 988478
0 897 494415 0 1769892307 482907
0 898 507232 0 1769892307 990152
0 899 527050 0 1769892308 517211
0 900 515361 0 1769892309 32582
0 901 498858 0 1769892309 531449
0 902 510279 0 1769892310 41740
0 903 476888 0 1769892310 518637
0 904 523515 0 1769892311 42163
0 905 510668 0 1769892311 552840
0 906 526109 0 1769892312 78962
0 907 511528 0 1769892312 590502
0 908 515371 0 1769892313 105885
0 909 518612 0 1769892313 624505
0 910 519718 0 1769892314 144232
0 911 516997 0 1769892314 661238
0 912 524774 0 1769892315 186024
0 913 519929 0 1769892315 705962
0 914 507803 0 1769892316 213775
0 915 508146 0 1769892316 721929
0 916 504888 0 1769892317 226831
0 917 512438 0 1769892317 739279
0 918 530581 0 1769892318 269871
0 919 516205 0 1769892318 786086
0 920 524535 0 1769892319 310630
0 921 522067 0 1769892319 832709
0 922 496861 0 1769892320 329582
0 923 518562 0 1769892320 848159
0 924 517302 0 1769892321 365470
0 925 502399 0 1769892321 867877
0 926 522376 0 1769892322 390262
0 927 502722 0 1769892322 892992
0 928 524012 0 1769892323 417012
0 929 514180 0 1769892323 931201
0 930 504630 0 1769892324 435839
0 931 497747 0 1769892324 933594
0 932 505986 0 1769892325 439588
0 933 524947 0 1769892325 964543
0 934 513301 0 1769892326 477852
0 935 504470 0 1769892326 982331
0 936 501646 0 1769892327 483985
0 937 529980 0 1769892328 13973
0 938 510692 0 1769892328 524673
0 939 511923 0 1769892329 36605
0 940 492328 0 1769892329 528942
0 941 531037 0 1769892330 59987
0 942 501647 0 1769892330 561642
0 943 519840 0 1769892331 81492
0 944 508413 0 1769892331 589914
0 945 510648 0 1769892332 100569
0 946 499383 0 1769892332 599961
0 947 508468 0 1769892333 108438
0 948 523785 0 1769892333 632231
0 949 491541 0 1769892334 123779
0 950 515115 0 1769892334 638902
0 951 520083 0 1769892335 158994
0 952 512358 0 1769892335 671360
0 953 508474 0 1769892336 179842
0 954 509358 0 1769892336 689215
0 955 518142 0 1769892337 207366
0 956 514348 0 1769892337 721722
0 957 503054 0 1769892338 224784
0 958 497758 0 1769892338 722550
0 959 481697 0 1769892339 204255
0 960 524216 0 1769892339 728479
0 961 510102 0 1769892340 238589
0 962 507066 0 1769892340 745667
0 963 540805 0 1769892341 286481
0 964 514437 0 1769892341 800926
0 965 511501 0 1769892342 312436
0 966 504232 0 1769892342 816681
0 967 505237 0 1769892343 321926
0 968 519191 0 1769892343 841126
0 969 504911 0 1769892344 346045
0 970 513494 0 1769892344 859548
0 971 476839 0 1769892345 336395
0 972 526741 0 1769892345 863144
0 973 511522 0 1769892346 374675
0 974 513563 0 1769892346 888248
0 975 500996 0 1769892347 389254
0 976 516171 0 1769892347 905438
0 977 516982 0 1769892348 422428
0 978 514816 0 1769892348 937253
0 979 497280 0 1769892349 434541
0 980 529941 0 1769892349 964491
0 981 503169 0 1769892350 467668
0 982 501780 0 1769892350 969456
0 983 501539 0 1769892351 471003
0 984 526232 0 1769892351 997247
0 985 500297 0 1769892352 497558
0 986 512823 0 1769892353 10391
0 987 502447 0 1769892353 512845
0 988 540619 0 1769892354 53473
0 989 513544 0 1769892354 567025
0 990 520157 0 1769892355 87190
0 991 500524 0 1769892355 587722
0 992 514603 0 1769892356 102352
0 993 519032 0 1769892356 621392
0 994 504115 0 1769892357 125516
0 995 515352 0 1769892357 640883
0 996 488410 0 1769892358 129302
0 997 516106 0 1769892358 645416
0 998 481892 0 1769892359 127317
0 999 521394 0 1769892359 648719
0 1000 491416 0 1769892360 140143
