0 1 1257832 0 1769890922 975899
0 2 470288 0 1769890923 446200
0 3 477795 0 1769890923 924003
0 4 460980 0 1769890924 384991
0 5 448896 0 1769890924 833902
0 6 468693 0 1769890925 302604
0 7 461512 0 1769890925 764124
0 8 455179 0 1769890926 219313
0 9 463616 0 1769890926 682938
0 10 454735 0 1769890927 137688
0 11 477499 0 1769890927 615195
0 12 446702 0 1769890928 61905
0 13 472348 0 1769890928 534261
0 14 457711 0 1769890928 991980
0 15 470180 0 1769890929 462168
0 16 460725 0 1769890929 922901
0 17 459923 0 1769890930 382832
0 18 454927 0 1769890930 837773
0 19 445604 0 1769890931 283385
0 20 473771 0 1769890931 757165
0 21 455120 0 1769890932 212292
0 22 470703 0 1769890932 683004
0 23 456911 0 1769890933 139924
0 24 456292 0 1769890933 596224
0 25 454092 0 1769890934 50324
0 26 456202 0 1769890934 506534
0 27 455407 0 1769890934 961949
0 28 462312 0 1769890935 424269
0 29 458740 0 1769890935 883016
0 30 454944 0 1769890936 337969
0 31 466877 0 1769890936 804854
0 32 450360 0 1769890937 255222
0 33 461391 0 1769890937 716621
0 34 449855 0 1769890938 166490
0 35 467177 0 1769890938 633675
0 36 442644 0 1769890939 76328
0 37 472029 0 1769890939 548365
0 38 456392 0 1769890940 4765
0 39 480778 0 1769890940 485550
0 40 457008 0 1769890940 942567
0 41 476655 0 1769890941 419231
0 42 463280 0 1769890941 882519
0 43 461148 0 1769890942 343674
0 44 460761 0 1769890942 804443
0 45 431809 0 1769890943 236261
0 46 452139 0 1769890943 688408
0 47 466396 0 1769890944 154812
0 48 462907 0 1769890944 617727
0 49 469485 0 1769890945 87220
0 50 461017 0 1769890945 548245
0 51 463317 0 1769890946 11571
0 52 461616 0 1769890946 473196
0 53 461110 0 1769890946 934314
0 54 459291 0 1769890947 393614
0 55 499357 0 1769890947 892987
0 56 462965 0 1769890948 355961
0 57 459278 0 1769890948 815247
0 58 453588 0 1769890949 268843
0 59 466962 0 1769890949 735813
0 60 437881 0 1769890950 173702
0 61 475273 0 1769890950 648983
0 62 459252 0 1769890951 108243
0 63 461990 0 1769890951 570242
0 64 454327 0 1769890952 24577
0 65 464042 0 1769890952 488627
0 66 459680 0 1769890952 948316
0 67 445225 0 1769890953 393549
0 68 477014 0 1769890953 870570
0 69 462925 0 1769890954 333504
0 70 456388 0 1769890954 789900
0 71 457618 0 1769890955 247525
0 72 462833 0 1769890955 710367
0 73 451098 0 1769890956 161473
0 74 464667 0 1769890956 626148
0 75 447027 0 1769890957 73184
0 76 469058 0 1769890957 542250
0 77 461182 0 1769890958 3440
0 78 460011 0 1769890958 463458
0 79 476455 0 1769890958 939922
0 80 451907 0 1769890959 391837
0 81 461724 0 1769890959 853574
0 82 442441 0 1769890960 296023
0 83 472562 0 1769890960 768593
0 84 454953 0 1769890961 223555
0 85 462414 0 1769890961 685977
0 86 452594 0 1769890962 138579
0 87 467862 0 1769890962 606449
0 88 459583 0 1769890963 66039
0 89 452270 0 1769890963 518318
0 90 462945 0 1769890963 981270
0 91 458083 0 1769890964 439362
0 92 459894 0 1769890964 899264
0 93 453696 0 1769890965 352968
0 94 453434 0 1769890965 806410
0 95 461447 0 1769890966 267864
0 96 458377 0 1769890966 726250
0 97 450636 0 1769890967 176894
0 98 447881 0 1769890967 624783
0 99 475291 0 1769890968 100082
0 100 462396 0 1769890968 562486
0 101 463332 0 1769890969 25826
0 102 472631 0 1769890969 498465
0 103 463153 0 1769890969 961626
0 104 460812 0 1769890970 422445
0 105 465433 0 1769890970 887887
0 106 464842 0 1769890971 352737
0 107 458822 0 1769890971 811574
0 108 448867 0 1769890972 260449
0 109 473444 0 1769890972 733901
0 110 450535 0 1769890973 184449
0 111 460855 0 1769890973 645312
0 112 454846 0 1769890974 100174
0 113 454788 0 1769890974 554973
0 114 440846 0 1769890974 995827
0 115 481609 0 1769890975 477444
0 116 459968 0 1769890975 937421
0 117 461727 0 1769890976 399156
0 118 456099 0 1769890976 855263
0 119 455784 0 1769890977 311056
0 120 456567 0 1769890977 767632
0 121 492416 0 1769890978 260057
0 122 461510 0 1769890978 721581
0 123 459231 0 1769890979 180820
0 124 450958 0 1769890979 631786
0 125 466543 0 1769890980 98337
0 126 460074 0 1769890980 558419
0 127 457484 0 1769890981 15911
0 128 475053 0 1769890981 490973
0 129 460748 0 1769890981 951786
0 130 453490 0 1769890982 405284
0 131 474979 0 1769890982 880271
0 132 484171 0 1769890983 364450
0 133 467485 0 1769890983 831943
0 134 453681 0 1769890984 285631
0 135 468153 0 1769890984 753793
0 136 444597 0 1769890985 198399
0 137 463784 0 1769890985 662191
0 138 455554 0 1769890986 117753
0 139 470867 0 1769890986 588628
0 140 453220 0 1769890987 41857
0 141 468405 0 1769890987 510274
0 142 448801 0 1769890987 959084
0 143 454157 0 1769890988 413249
0 144 453357 0 1769890988 866614
0 145 451135 0 1769890989 317758
0 146 446937 0 1769890989 764703
0 147 466215 0 1769890990 230926
0 148 458025 0 1769890990 688959
0 149 449565 0 1769890991 138532
0 150 463336 0 1769890991 601876
0 151 458100 0 1769890992 59984
0 152 460477 0 1769890992 520470
0 153 472782 0 1769890992 993259
0 154 453444 0 1769890993 446712
0 155 465752 0 1769890993 912472
0 156 455287 0 1769890994 367766
0 157 477128 0 1769890994 844903
0 158 459263 0 1769890995 304174
0 159 462874 0 1769890995 767056
0 160 449842 0 1769890996 216905
0 161 472118 0 1769890996 689031
0 162 451575 0 1769890997 140615
0 163 462676 0 1769890997 603299
0 164 456320 0 1769890998 59627
0 165 462151 0 1769890998 521786
0 166 456122 0 1769890998 977916
0 167 450587 0 1769890999 428511
0 168 459331 0 1769890999 887851
0 169 447841 0 1769891000 335700
0 170 456913 0 1769891000 792621
0 171 464836 0 1769891001 257464
0 172 465368 0 1769891001 722841
0 173 459315 0 1769891002 182164
0 174 452914 0 1769891002 635094
0 175 449874 0 1769891003 84976
0 176 460888 0 1769891003 545872
0 177 456561 0 1769891004 2441
0 178 463809 0 1769891004 466266
0 179 460187 0 1769891004 926462
0 180 458557 0 1769891005 385027
0 181 457097 0 1769891005 842133
0 182 452595 0 1769891006 294736
0 183 467314 0 1769891006 762058
0 184 461381 0 1769891007 223447
0 185 462943 0 1769891007 686398
0 186 457832 0 1769891008 144239
0 187 458372 0 1769891008 602618
0 188 453046 0 1769891009 55673
0 189 457892 0 1769891009 513573
0 190 456169 0 1769891009 969751
0 191 448286 0 1769891010 418046
0 192 461411 0 1769891010 879465
0 193 455992 0 1769891011 335466
0 194 466167 0 1769891011 801641
0 195 457199 0 1769891012 258848
0 196 467113 0 1769891012 725969
0 197 457610 0 1769891013 183592
0 198 455972 0 1769891013 639573
0 199 446286 0 1769891014 85870
0 200 465973 0 1769891014 551852
0 201 463552 0 1769891015 15413
0 202 463360 0 1769891015 478781
0 203 473326 0 1769891015 952117
0 204 457890 0 1769891016 410014
0 205 462865 0 1769891016 872893
0 206 441208 0 1769891017 314110
0 207 473159 0 1769891017 787277
0 208 450468 0 1769891018 237754
0 209 478952 0 1769891018 716715
0 210 455481 0 1769891019 172204
0 211 460937 0 1769891019 633149
0 212 448364 0 1769891020 81521
0 213 465541 0 1769891020 547071
0 214 479749 0 1769891021 26829
0 215 463424 0 1769891021 490261
0 216 455315 0 1769891021 945584
0 217 461064 0 1769891022 406656
0 218 459945 0 1769891022 866609
0 219 453367 0 1769891023 319984
0 220 442987 0 1769891023 762985
0 221 468648 0 1769891024 231641
0 222 458918 0 1769891024 690567
0 223 460457 0 1769891025 151033
0 224 465027 0 1769891025 616069
0 225 461141 0 1769891026 77219
0 226 455227 0 1769891026 532454
0 227 470541 0 1769891027 3003
0 228 453080 0 1769891027 456092
0 229 469931 0 1769891027 926032
0 230 451375 0 1769891028 377416
0 231 459638 0 1769891028 837061
0 232 452792 0 1769891029 289862
0 233 458952 0 1769891029 748823
0 234 444327 0 1769891030 193158
0 235 486075 0 1769891030 679241
0 236 454077 0 1769891031 133325
0 237 468066 0 1769891031 601399
0 238 455526 0 1769891032 56934
0 239 462048 0 1769891032 518990
0 240 472044 0 1769891032 991042
0 241 475384 0 1769891033 466435
0 242 459022 0 1769891033 925466
0 243 457023 0 1769891034 382497
0 244 464120 0 1769891034 846625
0 245 455576 0 1769891035 302210
0 246 460702 0 1769891035 762920
0 247 459903 0 1769891036 222832
0 248 461851 0 1769891036 684691
0 249 456768 0 1769891037 141467
0 250 455817 0 1769891037 597292
0 251 449463 0 1769891038 46762
0 252 471195 0 1769891038 517966
0 253 452281 0 1769891038 970255
0 254 460975 0 1769891039 431301
0 255 461753 0 1769891039 893063
0 256 458048 0 1769891040 351119
0 257 465624 0 1769891040 816751
0 258 458744 0 1769891041 275503
0 259 474374 0 1769891041 749885
0 260 457317 0 1769891042 207211
0 261 477377 0 1769891042 684597
0 262 454257 0 1769891043 138861
0 263 473212 0 1769891043 612082
0 264 446514 0 1769891044 58604
0 265 470007 0 1769891044 528620
0 266 447344 0 1769891044 975973
0 267 450892 0 1769891045 426873
0 268 469429 0 1769891045 896311
0 269 448503 0 1769891046 344822
0 270 458104 0 1769891046 802935
0 271 453317 0 1769891047 256261
0 272 454409 0 1769891047 710679
0 273 454714 0 1769891048 165402
0 274 446098 0 1769891048 611508
0 275 469545 0 1769891049 81061
0 276 453178 0 1769891049 534247
0 277 459471 0 1769891049 993727
0 278 451334 0 1769891050 445074
0 279 460839 0 1769891050 905921
0 280 453244 0 1769891051 359179
0 281 465106 0 1769891051 824297
0 282 441359 0 1769891052 265672
0 283 483813 0 1769891052 749496
0 284 459911 0 1769891053 209421
0 285 461417 0 1769891053 670846
0 286 455090 0 1769891054 125944
0 287 480210 0 1769891054 606163
0 288 442231 0 1769891055 48403
0 289 468680 0 1769891055 517091
0 290 453314 0 1769891055 970413
0 291 459104 0 1769891056 429525
0 292 469989 0 1769891056 899524
0 293 447790 0 1769891057 347322
0 294 457559 0 1769891057 804889
0 295 457903 0 1769891058 262800
0 296 453596 0 1769891058 716404
0 297 465733 0 1769891059 182145
0 298 460272 0 1769891059 642425
0 299 462008 0 1769891060 104441
0 300 465362 0 1769891060 569814
0 301 450100 0 1769891061 19922
0 302 452037 0 1769891061 471968
0 303 459618 0 1769891061 931594
0 304 441229 0 1769891062 372831
0 305 473561 0 1769891062 846401
0 306 458356 0 1769891063 304765
0 307 456326 0 1769891063 761104
0 308 450376 0 1769891064 211489
0 309 462820 0 1769891064 674317
0 310 460499 0 1769891065 134829
0 311 460856 0 1769891065 595693
0 312 450239 0 1769891066 45940
0 313 482832 0 1769891066 528780
0 314 454410 0 1769891066 983199
0 315 453388 0 1769891067 436595
0 316 452492 0 1769891067 889095
0 317 458366 0 1769891068 347469
0 318 457953 0 1769891068 805429
0 319 453646 0 1769891069 259084
0 320 450404 0 1769891069 709501
0 321 463192 0 1769891070 172702
0 322 459703 0 1769891070 632413
0 323 456138 0 1769891071 88560
0 324 461095 0 1769891071 549663
0 325 457317 0 1769891072 6988
0 326 455347 0 1769891072 462344
0 327 472618 0 1769891072 934970
0 328 438862 0 1769891073 373840
0 329 475631 0 1769891073 849486
0 330 454220 0 1769891074 303714
0 331 465319 0 1769891074 769040
0 332 452963 0 1769891075 222012
0 333 466065 0 1769891075 688087
0 334 451480 0 1769891076 139574
0 335 462718 0 1769891076 602301
0 336 447745 0 1769891077 50054
0 337 474104 0 1769891077 524171
0 338 452567 0 1769891077 976748
0 339 471679 0 1769891078 448435
0 340 453161 0 1769891078 901606
0 341 463043 0 1769891079 364657
0 342 458714 0 1769891079 823382
0 343 456738 0 1769891080 280129
0 344 451370 0 1769891080 731508
0 345 464104 0 1769891081 195620
0 346 461229 0 1769891081 656857
0 347 463408 0 1769891082 120274
0 348 460489 0 1769891082 580772
0 349 459682 0 1769891083 40462
0 350 452273 0 1769891083 492743
0 351 470264 0 1769891083 963014
0 352 455477 0 1769891084 418500
0 353 474169 0 1769891084 892677
0 354 449977 0 1769891085 342662
0 355 458836 0 1769891085 801506
0 356 451190 0 1769891086 252704
0 357 460022 0 1769891086 712735
0 358 446977 0 1769891087 159720
0 359 477630 0 1769891087 637394
0 360 450102 0 1769891088 87504
0 361 483142 0 1769891088 570655
0 362 462654 0 1769891089 33318
0 363 459901 0 1769891089 493226
0 364 453513 0 1769891089 946748
0 365 470480 0 1769891090 417235
0 366 450702 0 1769891090 867946
0 367 467173 0 1769891091 335133
0 368 475074 0 1769891091 810215
0 369 465601 0 1769891092 275824
0 370 463981 0 1769891092 739813
0 371 456497 0 1769891093 196318
0 372 925938 0 1769891094 122264
0 373 553464 0 1769891094 675736
0 374 531773 0 1769891095 207523
0 375 520764 0 1769891095 728295
0 376 504431 0 1769891096 232734
0 377 513468 0 1769891096 746210
0 378 506375 0 1769891097 252663
0 379 521255 0 1769891097 773927
0 380 500521 0 1769891098 274455
0 381 507522 0 1769891098 781986
0 382 473747 0 1769891099 255742
0 383 533806 0 1769891099 789556
0 384 514796 0 1769891100 304360
0 385 512728 0 1769891100 817096
0 386 515962 0 1769891101 333065
0 387 524774 0 1769891101 857850
0 388 503160 0 1769891102 361019
0 389 528136 0 1769891102 889170
0 390 518218 0 1769891103 407395
0 391 530624 0 1769891103 938027
0 392 498750 0 1769891104 436785
0 393 524473 0 1769891104 961267
0 394 532090 0 1769891105 493365
0 395 501160 0 1769891105 994533
0 396 513015 0 1769891106 507555
0 397 510160 0 1769891107 17724
0 398 495111 0 1769891107 512843
0 399 503095 0 1769891108 15946
0 400 525210 0 1769891108 541171
0 401 517840 0 1769891109 59020
0 402 512487 0 1769891109 571516
0 403 511580 0 1769891110 83104
0 404 521878 0 1769891110 604990
0 405 504856 0 1769891111 109855
0 406 519019 0 1769891111 628883
0 407 494184 0 1769891112 123079
0 408 529374 0 1769891112 652463
0 409 524661 0 1769891113 177132
0 410 508545 0 1769891113 685686
0 411 508642 0 1769891114 194336
0 412 529972 0 1769891114 724317
0 413 502563 0 1769891115 226888
0 414 507475 0 1769891115 734371
0 415 501449 0 1769891116 235829
0 416 524247 0 1769891116 760089
0 417 522410 0 1769891117 282508
0 418 506783 0 1769891117 789299
0 419 510991 0 1769891118 300299
0 420 524620 0 1769891118 824927
0 421 501596 0 1769891119 326532
0 422 516120 0 1769891119 842661
0 423 488337 0 1769891120 331007
0 424 533238 0 1769891120 864253
0 425 517338 0 1769891121 381599
0 426 506319 0 1769891121 887928
0 427 506478 0 1769891122 394415
0 428 524043 0 1769891122 918466
0 429 499806 0 1769891123 418281
0 430 514835 0 1769891123 933123
0 431 494196 0 1769891124 427328
0 432 528612 0 1769891124 955949
0 433 513953 0 1769891125 469911
0 434 510038 0 1769891125 979957
0 435 496977 0 1769891126 476942
0 436 519092 0 1769891126 996045
0 437 513363 0 1769891127 509417
0 438 518915 0 1769891128 28341
0 439 505422 0 1769891128 533771
0 440 523507 0 1769891129 57286
0 441 518609 0 1769891129 575903
0 442 502402 0 1769891130 78313
0 443 526072 0 1769891130 604393
0 444 515990 0 1769891131 120391
0 445 510532 0 1769891131 630931
0 446 509852 0 1769891132 140792
0 447 509937 0 1769891132 650737
0 448 514970 0 1769891133 165716
0 449 518988 0 1769891133 684713
0 450 520388 0 1769891134 205109
0 451 506675 0 1769891134 711792
0 452 519156 0 1769891135 230956
0 453 520073 0 1769891135 751037
0 454 510313 0 1769891136 261358
0 455 530084 0 1769891136 791454
0 456 535012 0 1769891137 326475
0 457 508519 0 1769891137 835003
0 458 507584 0 1769891138 342595
0 459 491296 0 1769891138 833899
0 460 511108 0 1769891139 345014
0 461 522572 0 1769891139 867595
0 462 501058 0 1769891140 368661
0 463 519712 0 1769891140 888382
0 464 506721 0 1769891141 395112
0 465 521116 0 1769891141 916236
0 466 495073 0 1769891142 411318
0 467 505729 0 1769891142 917055
0 468 527052 0 1769891143 444116
0 469 526261 0 1769891143 970386
0 470 498280 0 1769891144 468673
0 471 511497 0 1769891144 980179
0 472 510045 0 1769891145 490232
0 473 520163 0 1769891146 10403
0 474 508399 0 1769891146 518811
0 475 511453 0 1769891147 30273
0 476 478295 0 1769891147 508576
0 477 523229 0 1769891148 31813
0 478 521873 0 1769891148 553694
0 479 509252 0 1769891149 62954
0 480 515828 0 1769891149 578791
0 481 537458 0 1769891150 116257
0 482 525090 0 1769891150 641355
0 483 495190 0 1769891151 136553
0 484 510998 0 1769891151 647560
0 485 515263 0 1769891152 162832
0 486 519008 0 1769891152 681848
0 487 531058 0 1769891153 212914
0 488 510931 0 1769891153 723854
0 489 516426 0 1769891154 240288
0 490 514956 0 1769891154 755252
0 491 514248 0 1769891155 269508
0 492 516994 0 1769891155 786509
0 493 509649 0 1769891156 296175
0 494 501568 0 1769891156 797751
0 495 530189 0 1769891157 327949
0 496 510790 0 1769891157 838747
0 497 517605 0 1769891158 356362
0 498 503494 0 1769891158 859864
0 499 501832 0 1769891159 361704
0 500 526299 0 1769891159 888012
0 501 504651 0 1769891160 392671
0 502 512316 0 1769891160 904996
0 503 510047 0 1769891161 415126
0 504 530071 0 1769891161 945206
0 505 542540 0 1769891162 487755
0 506 456799 0 1769891162 944563
0 507 448830 0 1769891163 393401
0 508 470622 0 1769891163 864031
0 509 461586 0 1769891164 325626
0 510 462042 0 1769891164 787676
0 511 462627 0 1769891165 250311
0 512 459504 0 1769891165 709823
0 513 449786 0 1769891166 159617
0 514 450988 0 1769891166 610614
0 515 464724 0 1769891167 75346
0 516 453146 0 1769891167 528500
0 517 462271 0 1769891167 990780
0 518 433989 0 1769891168 424778
0 519 453844 0 1769891168 878630
0 520 426806 0 1769891169 305444
0 521 484892 0 1769891169 790345
0 522 456181 0 1769891170 246534
0 523 465352 0 1769891170 711895
0 524 451700 0 1769891171 163603
0 525 470248 0 1769891171 633859
0 526 457550 0 1769891172 91422
0 527 449638 0 1769891172 541067
0 528 474726 0 1769891173 15802
0 529 456031 0 1769891173 471842
0 530 457706 0 1769891173 929556
0 531 453028 0 1769891174 382593
0 532 463352 0 1769891174 845954
0 533 459128 0 1769891175 305094
0 534 456193 0 1769891175 761296
0 535 462015 0 1769891176 223319
0 536 455342 0 1769891176 678669
0 537 459827 0 1769891177 138505
0 538 450969 0 1769891177 589482
0 539 456226 0 1769891178 45716
0 540 461222 0 1769891178 506946
0 541 465112 0 1769891178 972065
0 542 446197 0 1769891179 418270
0 543 470869 0 1769891179 889148
0 544 447139 0 1769891180 336300
0 545 457073 0 1769891180 793383
0 546 457670 0 1769891181 251062
0 547 474753 0 1769891181 725823
0 548 451332 0 1769891182 177163
0 549 461528 0 1769891182 638698
0 550 447813 0 1769891183 86520
0 551 467842 0 1769891183 554370
0 552 453547 0 1769891184 7925
0 553 457877 0 1769891184 465810
0 554 455036 0 1769891184 920854
0 555 456877 0 1769891185 377740
0 556 459364 0 1769891185 837112
0 557 458739 0 1769891186 295866
0 558 446296 0 1769891186 742172
0 559 470251 0 1769891187 212431
0 560 462651 0 1769891187 675090
0 561 459379 0 1769891188 134477
0 562 453763 0 1769891188 588255
0 563 467692 0 1769891189 55957
0 564 453292 0 1769891189 509259
0 565 440728 0 1769891189 949996
0 566 441814 0 1769891190 391818
0 567 475934 0 1769891190 867768
0 568 449711 0 1769891191 317488
0 569 474952 0 1769891191 792451
0 570 449776 0 1769891192 242235
0 571 457453 0 1769891192 699695
0 572 459150 0 1769891193 158854
0 573 471091 0 1769891193 629962
0 574 443763 0 1769891194 73736
0 575 469441 0 1769891194 543188
0 576 452439 0 1769891194 995635
0 577 460221 0 1769891195 455864
0 578 460247 0 1769891195 916119
0 579 454449 0 1769891196 370577
0 580 457963 0 1769891196 828548
0 581 455606 0 1769891197 284162
0 582 444064 0 1769891197 728234
0 583 467548 0 1769891198 195790
0 584 456759 0 1769891198 652558
0 585 461360 0 1769891199 113926
0 586 457845 0 1769891199 571779
0 587 462574 0 1769891200 34361
0 588 450086 0 1769891200 484456
0 589 462423 0 1769891200 946888
0 590 447653 0 1769891201 394549
0 591 437470 0 1769891201 832028
0 592 472764 0 1769891202 304801
0 593 464673 0 1769891202 769482
0 594 458890 0 1769891203 228386
0 595 458034 0 1769891203 686429
0 596 450011 0 1769891204 136454
0 597 457859 0 1769891204 594322
0 598 451907 0 1769891205 46237
0 599 481897 0 1769891205 528142
0 600 460784 0 1769891205 988934
0 601 475739 0 1769891206 464682
0 602 466878 0 1769891206 931568
0 603 454491 0 1769891207 386066
0 604 459005 0 1769891207 845080
0 605 441283 0 1769891208 286371
0 606 467829 0 1769891208 754209
0 607 456166 0 1769891209 210383
0 608 462622 0 1769891209 673013
0 609 461238 0 1769891210 134259
0 610 455959 0 1769891210 590226
0 611 458566 0 1769891211 48801
0 612 432359 0 1769891211 481167
0 613 459084 0 1769891211 940259
0 614 463510 0 1769891212 403777
0 615 479097 0 1769891212 882883
0 616 470869 0 1769891213 353761
0 617 462467 0 1769891213 816236
0 618 452352 0 1769891214 268596
0 619 463157 0 1769891214 731761
0 620 440601 0 1769891215 172370
0 621 472951 0 1769891215 645330
0 622 457968 0 1769891216 103306
0 623 457111 0 1769891216 560426
0 624 452073 0 1769891217 12509
0 625 479756 0 1769891217 492273
0 626 459723 0 1769891217 952004
0 627 447026 0 1769891218 399094
0 628 470896 0 1769891218 870006
0 629 450050 0 1769891219 320070
0 630 466647 0 1769891219 786726
0 631 456782 0 1769891220 243516
0 632 458368 0 1769891220 701892
0 633 459544 0 1769891221 161444
0 634 463676 0 1769891221 625128
0 635 448064 0 1769891222 73200
0 636 455237 0 1769891222 528446
0 637 469446 0 1769891222 997901
0 638 455871 0 1769891223 453780
0 639 464786 0 1769891223 918575
0 640 453527 0 1769891224 372117
0 641 459226 0 1769891224 831352
0 642 460569 0 1769891225 291928
0 643 464518 0 1769891225 756454
0 644 461521 0 1769891226 217984
0 645 464884 0 1769891226 682877
0 646 459452 0 1769891227 142337
0 647 465386 0 1769891227 607739
0 648 459643 0 1769891228 67392
0 649 452407 0 1769891228 519807
0 650 459553 0 1769891228 979376
0 651 467237 0 1769891229 446624
0 652 445058 0 1769891229 891691
0 653 460181 0 1769891230 351881
0 654 471189 0 1769891230 823079
0 655 461854 0 1769891231 284942
0 656 472711 0 1769891231 757663
0 657 454457 0 1769891232 212128
0 658 457032 0 1769891232 669168
0 659 464063 0 1769891233 133239
0 660 454954 0 1769891233 588201
0 661 449286 0 1769891234 37502
0 662 453903 0 1769891234 491413
0 663 456475 0 1769891234 947897
0 664 448477 0 1769891235 396382
0 665 468224 0 1769891235 864614
0 666 454793 0 1769891236 319415
0 667 463767 0 1769891236 783190
0 668 452717 0 1769891237 235917
0 669 455619 0 1769891237 691545
0 670 443616 0 1769891238 135169
0 671 474919 0 1769891238 610097
0 672 453456 0 1769891239 63561
0 673 457297 0 1769891239 520872
0 674 467534 0 1769891239 988416
0 675 450837 0 1769891240 439261
0 676 438558 0 1769891240 877828
0 677 458897 0 1769891241 336740
0 678 469309 0 1769891241 806059
0 679 459697 0 1769891242 265765
0 680 461928 0 1769891242 727701
0 681 459965 0 1769891243 187675
0 682 450807 0 1769891243 638490
0 683 459795 0 1769891244 98294
0 684 453738 0 1769891244 552040
0 685 450295 0 1769891245 2344
0 686 462823 0 1769891245 465175
0 687 461927 0 1769891245 927110
0 688 458959 0 1769891246 386085
0 689 459216 0 1769891246 845312
0 690 455404 0 1769891247 300725
0 691 460752 0 1769891247 761487
0 692 432651 0 1769891248 194146
0 693 450267 0 1769891248 644422
0 694 468210 0 1769891249 112641
0 695 461455 0 1769891249 574111
0 696 468039 0 1769891250 42160
0 697 466891 0 1769891250 509060
0 698 464276 0 1769891250 973347
0 699 459979 0 1769891251 433335
0 700 462419 0 1769891251 895762
0 701 473493 0 1769891252 369265
0 702 470542 0 1769891252 839816
0 703 478348 0 1769891253 318173
0 704 464848 0 1769891253 783029
0 705 441247 0 1769891254 224291
0 706 461744 0 1769891254 686046
0 707 477110 0 1769891255 163164
0 708 454373 0 1769891255 617546
0 709 465802 0 1769891256 83356
0 710 448390 0 1769891256 531760
0 711 479530 0 1769891257 11298
0 712 444061 0 1769891257 455368
0 713 460516 0 1769891257 915893
0 714 443153 0 1769891258 359054
0 715 470369 0 1769891258 829432
0 716 454573 0 1769891259 284021
0 717 464376 0 1769891259 748406
0 718 436480 0 1769891260 184893
0 719 453248 0 1769891260 638150
0 720 466259 0 1769891261 104420
0 721 462002 0 1769891261 566431
0 722 472626 0 1769891262 39066
0 723 451035 0 1769891262 490112
0 724 448844 0 1769891262 938966
0 725 454618 0 1769891263 393592
0 726 457534 0 1769891263 851136
0 727 459821 0 1769891264 310969
0 728 476765 0 1769891264 787747
0 729 451608 0 1769891265 239363
0 730 440088 0 1769891265 679460
0 731 459638 0 1769891266 139107
0 732 464177 0 1769891266 603293
0 733 464584 0 1769891267 67885
0 734 457078 0 1769891267 524979
0 735 468207 0 1769891267 993192
0 736 465727 0 1769891268 458928
0 737 476103 0 1769891268 935039
0 738 442442 0 1769891269 377491
0 739 472715 0 1769891269 850214
0 740 463316 0 1769891270 313538
0 741 467501 0 1769891270 781054
0 742 462056 0 1769891271 243121
0 743 466933 0 1769891271 710071
0 744 458869 0 1769891272 168952
0 745 463232 0 1769891272 632194
0 746 459862 0 1769891273 92067
0 747 473455 0 1769891273 565531
0 748 450603 0 1769891274 16144
0 749 455963 0 1769891274 472122
0 750 473832 0 1769891274 945967
0 751 463835 0 1769891275 409810
0 752 471276 0 1769891275 881165
0 753 448285 0 1769891276 329459
0 754 467456 0 1769891276 796928
0 755 499813 0 1769891277 296750
0 756 461871 0 1769891277 758632
0 757 465503 0 1769891278 224144
0 758 465381 0 1769891278 689533
0 759 462241 0 1769891279 151785
0 760 452418 0 1769891279 604216
0 761 478188 0 1769891280 82416
0 762 458908 0 1769891280 541332
0 763 478230 0 1769891281 19574
0 764 456079 0 1769891281 475662
0 765 482469 0 1769891281 958144
0 766 451070 0 1769891282 409223
0 767 456770 0 1769891282 866004
0 768 459155 0 1769891283 325167
0 769 453797 0 1769891283 778974
0 770 460629 0 1769891284 239611
0 771 461595 0 1769891284 701220
0 772 453938 0 1769891285 155169
0 773 457234 0 1769891285 612411
0 774 461381 0 1769891286 73803
0 775 451628 0 1769891286 525439
0 776 456179 0 1769891286 981632
0 777 468260 0 1769891287 449904
0 778 457569 0 1769891287 907482
0 779 460946 0 1769891288 368437
0 780 453570 0 1769891288 822016
0 781 464607 0 1769891289 286631
0 782 450842 0 1769891289 737481
0 783 481231 0 1769891290 218721
0 784 455711 0 1769891290 674440
0 785 468293 0 1769891291 142742
0 786 450727 0 1769891291 593485
0 787 466190 0 1769891292 59683
0 788 447112 0 1769891292 506804
0 789 474149 0 1769891292 980962
0 790 464197 0 1769891293 445167
0 791 462543 0 1769891293 907717
0 792 451072 0 1769891294 358814
0 793 460523 0 1769891294 819345
0 794 455753 0 1769891295 275111
0 795 452399 0 1769891295 727518
0 796 456146 0 1769891296 183674
0 797 457618 0 1769891296 641300
0 798 461392 0 1769891297 102700
0 799 458265 0 1769891297 560974
0 800 460959 0 1769891298 21941
0 801 450411 0 1769891298 472360
0 802 456979 0 1769891298 929348
0 803 461398 0 1769891299 390755
0 804 452486 0 1769891299 843255
0 805 460362 0 1769891300 303624
0 806 459484 0 1769891300 763117
0 807 471408 0 1769891301 234533
0 808 447637 0 1769891301 682178
0 809 459659 0 1769891302 141845
0 810 440214 0 1769891302 582067
0 811 474019 0 1769891303 56094
0 812 459858 0 1769891303 515961
0 813 459317 0 1769891303 975285
0 814 454064 0 1769891304 429358
0 815 461897 0 1769891304 891263
0 816 451865 0 1769891305 343137
0 817 455497 0 1769891305 798642
0 818 439610 0 1769891306 238259
0 819 474741 0 1769891306 713009
0 820 455107 0 1769891307 168124
0 821 460217 0 1769891307 628350
0 822 454321 0 1769891308 82680
0 823 457240 0 1769891308 539928
0 824 457189 0 1769891308 997126
0 825 452120 0 1769891309 449253
0 826 450626 0 1769891309 899888
0 827 471225 0 1769891310 371128
0 828 454183 0 1769891310 825319
0 829 458500 0 1769891311 283827
0 830 458939 0 1769891311 742776
0 831 451393 0 1769891312 194177
0 832 456939 0 1769891312 651125
0 833 484824 0 1769891313 135958
0 834 444787 0 1769891313 580753
0 835 474215 0 1769891314 54977
0 836 442274 0 1769891314 497260
0 837 467223 0 1769891314 964490
0 838 453286 0 1769891315 417785
0 839 458427 0 1769891315 876228
0 840 455868 0 1769891316 332104
0 841 470115 0 1769891316 802228
0 842 461194 0 1769891317 263430
0 843 465853 0 1769891317 729292
0 844 455314 0 1769891318 184615
0 845 452761 0 1769891318 637384
0 846 463005 0 1769891319 100398
0 847 452771 0 1769891319 553177
0 848 445344 0 1769891319 998537
0 849 469621 0 1769891320 468167
0 850 457235 0 1769891320 925411
0 851 460669 0 1769891321 386087
0 852 439425 0 1769891321 825522
0 853 449997 0 1769891322 275528
0 854 470809 0 1769891322 746345
0 855 453697 0 1769891323 200050
0 856 460324 0 1769891323 660383
0 857 461888 0 1769891324 122279
0 858 457736 0 1769891324 580023
0 859 470861 0 1769891325 50899
0 860 450039 0 1769891325 500947
0 861 448879 0 1769891325 949834
0 862 457672 0 1769891326 407514
0 863 453009 0 1769891326 860531
0 864 463704 0 1769891327 324243
0 865 465032 0 1769891327 789282
0 866 445116 0 1769891328 234407
0 867 453485 0 1769891328 687900
0 868 458337 0 1769891329 146251
0 869 466451 0 1769891329 612710
0 870 447088 0 1769891330 59807
0 871 448283 0 1769891330 508098
0 872 469972 0 1769891330 978080
0 873 459245 0 1769891331 437336
0 874 461183 0 1769891331 898526
0 875 457399 0 1769891332 355933
0 876 452937 0 1769891332 808935
0 877 470485 0 1769891333 279428
0 878 455772 0 1769891333 735208
0 879 445942 0 1769891334 181158
0 880 462267 0 1769891334 643434
0 881 459324 0 1769891335 102768
0 882 462183 0 1769891335 564959
0 883 453303 0 1769891336 18270
0 884 465281 0 1769891336 483560
0 885 472522 0 1769891336 956091
0 886 438512 0 1769891337 394618
0 887 435720 0 1769891337 830347
0 888 462731 0 1769891338 293086
0 889 436106 0 1769891338 729201
0 890 438423 0 1769891339 167632
0 891 458333 0 1769891339 625973
0 892 470901 0 1769891340 96883
0 893 457304 0 1769891340 554195
0 894 458169 0 1769891341 12373
0 895 459620 0 1769891341 472002
0 896 464617 0 1769891341 936627
0 897 455887 0 1769891342 392527
0 898 450303 0 1769891342 842842
0 899 452490 0 1769891343 295341
0 900 466146 0 1769891343 761495
0 901 455404 0 1769891344 216908
0 902 450940 0 1769891344 667856
0 903 457453 0 1769891345 125318
0 904 450250 0 1769891345 575577
0 905 457419 0 1769891346 33006
0 906 454104 0 1769891346 487118
0 907 448777 0 1769891346 935905
0 908 468599 0 1769891347 404517
0 909 460559 0 1769891347 865086
0 910 460657 0 1769891348 325751
0 911 471487 0 1769891348 797247
0 912 452442 0 1769891349 249697
0 913 466596 0 1769891349 716302
0 914 448849 0 1769891350 165160
0 915 471179 0 1769891350 636347
0 916 464164 0 1769891351 100520
0 917 460100 0 1769891351 560628
0 918 463879 0 1769891352 24516
0 919 455416 0 1769891352 479946
0 920 459797 0 1769891352 939752
0 921 455544 0 1769891353 395305
0 922 428112 0 1769891353 823426
0 923 472855 0 1769891354 296289
0 924 460326 0 1769891354 756626
0 925 454930 0 1769891355 211565
0 926 452138 0 1769891355 663711
0 927 441224 0 1769891356 104944
0 928 449577 0 1769891356 554528
0 929 472033 0 1769891357 26570
0 930 449792 0 1769891357 476377
0 931 467217 0 1769891357 943603
0 932 448799 0 1769891358 392410
0 933 459403 0 1769891358 851822
0 934 451195 0 1769891359 303025
0 935 460926 0 1769891359 763960
0 936 443210 0 1769891360 207179
0 937 478341 0 1769891360 685529
0 938 452682 0 1769891361 138220
0 939 464248 0 1769891361 602476
0 940 461213 0 1769891362 63698
0 941 452302 0 1769891362 516015
0 942 463437 0 1769891362 979462
0 943 451330 0 1769891363 430800
0 944 448785 0 1769891363 879593
0 945 467270 0 1769891364 346872
0 946 458160 0 1769891364 805042
0 947 464447 0 1769891365 269497
0 948 452515 0 1769891365 722021
0 949 458336 0 1769891366 180365
0 950 447587 0 1769891366 627959
0 951 447301 0 1769891367 75270
0 952 462792 0 1769891367 538073
0 953 453236 0 1769891367 991321
0 954 453203 0 1769891368 444533
0 955 465203 0 1769891368 909744
0 956 452582 0 1769891369 362334
0 957 457734 0 1769891369 820076
0 958 457211 0 1769891370 277296
0 959 452764 0 1769891370 730068
0 960 452148 0 1769891371 182225
0 961 481747 0 1769891371 663980
0 962 466800 0 1769891372 130788
0 963 469410 0 1769891372 600206
0 964 466828 0 1769891373 67048
0 965 463751 0 1769891373 530808
0 966 454672 0 1769891373 985487
0 967 455909 0 1769891374 441405
0 968 467734 0 1769891374 909147
0 969 453928 0 1769891375 363083
0 970 456383 0 1769891375 819474
0 971 458796 0 1769891376 278277
0 972 456937 0 1769891376 735223
0 973 467190 0 1769891377 202421
0 974 452901 0 1769891377 655331
0 975 457561 0 1769891378 112900
0 976 459127 0 1769891378 572036
0 977 454074 0 1769891379 26119
0 978 453167 0 1769891379 479295
0 979 457205 0 1769891379 936508
0 980 455276 0 1769891380 391793
0 981 465959 0 1769891380 857760
0 982 454560 0 1769891381 312328
0 983 455574 0 1769891381 767910
0 984 450629 0 1769891382 218546
0 985 472879 0 1769891382 691441
0 986 456164 0 1769891383 147615
0 987 459044 0 1769891383 606668
0 988 453962 0 1769891384 60639
0 989 470513 0 1769891384 531160
0 990 459416 0 1769891384 990586
0 991 454845 0 1769891385 445439
0 992 447690 0 1769891385 893139
0 993 467487 0 1769891386 360634
0 994 458627 0 1769891386 819270
0 995 469303 0 1769891387 288582
0 996 453761 0 1769891387 742358
0 997 456721 0 1769891388 199088
0 998 432375 0 1769891388 631472
0 999 458751 0 1769891389 90231
0 1000 459481 0 1769891389 549720
