0 1 1229432 0 1769892364 782457
0 2 557518 0 1769892365 339991
0 3 513110 0 1769892365 853109
0 4 537022 0 1769892366 390139
0 5 519523 0 1769892366 909671
0 6 505459 0 1769892367 415138
0 7 515928 0 1769892367 931074
0 8 521691 0 1769892368 452773
0 9 525548 0 1769892368 978329
0 10 507863 0 1769892369 486200
0 11 517549 0 1769892370 3757
0 12 530368 0 1769892370 534134
0 13 513127 0 1769892371 47269
0 14 506225 0 1769892371 553502
0 15 513379 0 1769892372 66889
0 16 515175 0 1769892372 582072
0 17 517882 0 1769892373 99962
0 18 510100 0 1769892373 610071
0 19 507935 0 1769892374 118014
0 20 519794 0 1769892374 637816
0 21 514177 0 1769892375 152001
0 22 516940 0 1769892375 668949
0 23 501443 0 1769892376 170400
0 24 529072 0 1769892376 699480
0 25 520559 0 1769892377 220047
0 26 508468 0 1769892377 728524
0 27 530372 0 1769892378 258904
0 28 525653 0 1769892378 784565
0 29 523371 0 1769892379 307944
0 30 511168 0 1769892379 819127
0 31 533451 0 1769892380 352587
0 32 517778 0 1769892380 870380
0 33 508785 0 1769892381 379172
0 34 515218 0 1769892381 894401
0 35 526640 0 1769892382 421049
0 36 506175 0 1769892382 927240
0 37 515068 0 1769892383 442316
0 38 523336 0 1769892383 965662
0 39 510245 0 1769892384 475915
0 40 531190 0 1769892385 7115
0 41 484402 0 1769892385 491526
0 42 513794 0 1769892386 5334
0 43 481781 0 1769892386 487123
0 44 532446 0 1769892387 19579
0 45 521412 0 1769892387 540999
0 46 516935 0 1769892388 57948
0 47 519884 0 1769892388 577842
0 48 517093 0 1769892389 94943
0 49 499835 0 1769892389 594787
0 50 499639 0 1769892390 94434
0 51 513637 0 1769892390 608079
0 52 521950 0 1769892391 130042
0 53 536149 0 1769892391 666199
0 54 486880 0 1769892392 153087
0 55 496723 0 1769892392 649818
0 56 502722 0 1769892393 152548
0 57 505425 0 1769892393 657981
0 58 518869 0 1769892394 176857
0 59 517374 0 1769892394 694240
0 60 520272 0 1769892395 214521
0 61 509500 0 1769892395 724030
0 62 515156 0 1769892396 239200
0 63 517552 0 1769892396 756760
0 64 506338 0 1769892397 263106
0 65 514215 0 1769892397 777329
0 66 510170 0 1769892398 287512
0 67 517762 0 1769892398 805281
0 68 515312 0 1769892399 320602
0 69 509009 0 1769892399 829620
0 70 526786 0 1769892400 356422
0 71 521790 0 1769892400 878220
0 72 498283 0 1769892401 376511
0 73 490697 0 1769892401 867217
0 74 510361 0 1769892402 377587
0 75 470985 0 1769892402 848579
0 76 440913 0 1769892403 289501
0 77 452233 0 1769892403 741742
0 78 466964 0 1769892404 208714
0 79 482082 0 1769892404 690804
0 80 452274 0 1769892405 143086
0 81 452673 0 1769892405 595766
0 82 463345 0 1769892406 59120
0 83 453633 0 1769892406 512761
0 84 468833 0 1769892406 981602
0 85 455801 0 1769892407 437411
0 86 467040 0 1769892407 904459
0 87 462528 0 1769892408 366996
0 88 460475 0 1769892408 827478
0 89 451891 0 1769892409 279378
0 90 460729 0 1769892409 740115
0 91 451202 0 1769892410 191325
0 92 462178 0 1769892410 653512
0 93 469200 0 1769892411 122720
0 94 456817 0 1769892411 579544
0 95 463756 0 1769892412 43308
0 96 459762 0 1769892412 503078
0 97 459169 0 1769892412 962256
0 98 457147 0 1769892413 419412
0 99 463874 0 1769892413 883295
0 100 459564 0 1769892414 342867
0 101 475956 0 1769892414 818831
0 102 459134 0 1769892415 277979
0 103 456288 0 1769892415 734276
0 104 465750 0 1769892416 200034
0 105 472948 0 1769892416 672990
0 106 455118 0 1769892417 128118
0 107 455271 0 1769892417 583397
0 108 450884 0 1769892418 34289
0 109 472117 0 1769892418 506415
0 110 464553 0 1769892418 970975
0 111 461944 0 1769892419 432927
0 112 449433 0 1769892419 882369
0 113 444957 0 1769892420 327334
0 114 438751 0 1769892420 766093
0 115 472345 0 1769892421 238446
0 116 464803 0 1769892421 703257
0 117 459734 0 1769892422 162998
0 118 441382 0 1769892422 604389
0 119 462249 0 1769892423 66646
0 120 481358 0 1769892423 548013
0 121 514171 0 1769892424 62192
0 122 465043 0 1769892424 527243
0 123 470521 0 1769892424 997772
0 124 454740 0 1769892425 452520
0 125 481479 0 1769892425 934007
0 126 467192 0 1769892426 401207
0 127 479170 0 1769892426 880385
0 128 454242 0 1769892427 334636
0 129 460993 0 1769892427 795701
0 130 430451 0 1769892428 226161
0 131 454394 0 1769892428 680563
0 132 472869 0 1769892429 153440
0 133 457510 0 1769892429 610958
0 134 462345 0 1769892430 73311
0 135 436614 0 1769892430 509933
0 136 434797 0 1769892430 944738
0 137 459677 0 1769892431 404423
0 138 462096 0 1769892431 866527
0 139 456451 0 1769892432 322987
0 140 459900 0 1769892432 782900
0 141 444958 0 1769892433 227865
0 142 457636 0 1769892433 685510
0 143 453494 0 1769892434 139011
0 144 478453 0 1769892434 617473
0 145 476357 0 1769892435 93837
0 146 458914 0 1769892435 552759
0 147 477974 0 1769892436 30740
0 148 459934 0 1769892436 490683
0 149 454978 0 1769892436 945669
0 150 464090 0 1769892437 409772
0 151 470976 0 1769892437 880758
0 152 461115 0 1769892438 341886
0 153 477080 0 1769892438 818980
0 154 464429 0 1769892439 283419
0 155 477318 0 1769892439 760745
0 156 460161 0 1769892440 220914
0 157 469948 0 1769892440 690872
0 158 460809 0 1769892441 151689
0 159 444020 0 1769892441 595719
0 160 472924 0 1769892442 68670
0 161 464377 0 1769892442 533055
0 162 461825 0 1769892442 994888
0 163 470314 0 1769892443 465211
0 164 460797 0 1769892443 926016
0 165 456545 0 1769892444 382570
0 166 450203 0 1769892444 832782
0 167 471991 0 1769892445 304786
0 168 453685 0 1769892445 758479
0 169 462723 0 1769892446 221216
0 170 453990 0 1769892446 675215
0 171 447988 0 1769892447 123211
0 172 444130 0 1769892447 567349
0 173 472296 0 1769892448 39652
0 174 455696 0 1769892448 495357
0 175 468982 0 1769892448 964347
0 176 455301 0 1769892449 419656
0 177 441606 0 1769892449 861270
0 178 455727 0 1769892450 317006
0 179 473291 0 1769892450 790305
0 180 452907 0 1769892451 243219
0 181 464950 0 1769892451 708178
0 182 451488 0 1769892452 159674
0 183 471859 0 1769892452 631541
0 184 457511 0 1769892453 89060
0 185 455399 0 1769892453 544468
0 186 457502 0 1769892454 1978
0 187 473753 0 1769892454 475739
0 188 441592 0 1769892454 917341
0 189 450586 0 1769892455 367935
0 190 463918 0 1769892455 831861
0 191 458628 0 1769892456 290497
0 192 458262 0 1769892456 748767
0 193 459602 0 1769892457 208377
0 194 452909 0 1769892457 661294
0 195 474157 0 1769892458 135459
0 196 440156 0 1769892458 575623
0 197 469900 0 1769892459 45531
0 198 452025 0 1769892459 497564
0 199 472967 0 1769892459 970539
0 200 433863 0 1769892460 404410
0 201 464552 0 1769892460 868970
0 202 457627 0 1769892461 326605
0 203 464062 0 1769892461 790675
0 204 452045 0 1769892462 242727
0 205 470604 0 1769892462 713340
0 206 438516 0 1769892463 151865
0 207 452998 0 1769892463 604870
0 208 471849 0 1769892464 76728
0 209 466549 0 1769892464 543285
0 210 443518 0 1769892464 986811
0 211 434254 0 1769892465 421073
0 212 454170 0 1769892465 875251
0 213 470285 0 1769892466 345544
0 214 439091 0 1769892466 784642
0 215 442457 0 1769892467 227108
0 216 449376 0 1769892467 676491
0 217 441192 0 1769892468 117692
0 218 462071 0 1769892468 579771
0 219 449638 0 1769892469 29417
0 220 451001 0 1769892469 480427
0 221 469166 0 1769892469 949601
0 222 459569 0 1769892470 409178
0 223 462132 0 1769892470 871319
0 224 458941 0 1769892471 330268
0 225 455981 0 1769892471 786257
0 226 456388 0 1769892472 242653
0 227 460570 0 1769892472 703231
0 228 448530 0 1769892473 151769
0 229 467351 0 1769892473 619128
0 230 469657 0 1769892474 88794
0 231 471261 0 1769892474 560063
0 232 459751 0 1769892475 19822
0 233 460168 0 1769892475 479998
0 234 452861 0 1769892475 932866
0 235 454199 0 1769892476 387074
0 236 448685 0 1769892476 835767
0 237 464797 0 1769892477 300574
0 238 462253 0 1769892477 762835
0 239 463340 0 1769892478 226182
0 240 452551 0 1769892478 678741
0 241 479602 0 1769892479 158352
0 242 459394 0 1769892479 617754
0 243 453019 0 1769892480 70786
0 244 431418 0 1769892480 502212
0 245 483084 0 1769892480 985308
0 246 461252 0 1769892481 446569
0 247 464848 0 1769892481 911430
0 248 451867 0 1769892482 363304
0 249 459491 0 1769892482 822804
0 250 463891 0 1769892483 286703
0 251 456578 0 1769892483 743290
0 252 434019 0 1769892484 177317
0 253 471426 0 1769892484 648751
0 254 461623 0 1769892485 110443
0 255 464646 0 1769892485 575097
0 256 467718 0 1769892486 42823
0 257 457825 0 1769892486 500656
0 258 461725 0 1769892486 962395
0 259 439676 0 1769892487 402079
0 260 462452 0 1769892487 864539
0 261 487589 0 1769892488 352136
0 262 460080 0 1769892488 812224
0 263 472345 0 1769892489 284578
0 264 459570 0 1769892489 744160
0 265 459797 0 1769892490 203965
0 266 450137 0 1769892490 654110
0 267 456599 0 1769892491 110725
0 268 460080 0 1769892491 570815
0 269 461188 0 1769892492 32018
0 270 451263 0 1769892492 483289
0 271 467059 0 1769892492 950358
0 272 448447 0 1769892493 398813
0 273 457806 0 1769892493 856632
0 274 466531 0 1769892494 323171
0 275 455344 0 1769892494 778523
0 276 471068 0 1769892495 249599
0 277 455175 0 1769892495 704786
0 278 461442 0 1769892496 166237
0 279 455830 0 1769892496 622075
0 280 457834 0 1769892497 79922
0 281 460719 0 1769892497 540649
0 282 460515 0 1769892498 1172
0 283 450400 0 1769892498 451580
0 284 465591 0 1769892498 917180
0 285 456915 0 1769892499 374103
0 286 465811 0 1769892499 839922
0 287 467113 0 1769892500 307043
0 288 451570 0 1769892500 758621
0 289 458588 0 1769892501 217217
0 290 434048 0 1769892501 651273
0 291 438748 0 1769892502 90029
0 292 450141 0 1769892502 540177
0 293 473672 0 1769892503 13858
0 294 454042 0 1769892503 467908
0 295 460657 0 1769892503 928574
0 296 459229 0 1769892504 387812
0 297 458373 0 1769892504 846195
0 298 453136 0 1769892505 299339
0 299 462364 0 1769892505 761711
0 300 448774 0 1769892506 210493
0 301 466323 0 1769892506 676823
0 302 457851 0 1769892507 134682
0 303 469104 0 1769892507 603800
0 304 461296 0 1769892508 65105
0 305 467113 0 1769892508 532226
0 306 451379 0 1769892508 983612
0 307 457854 0 1769892509 441475
0 308 436743 0 1769892509 878226
0 309 448802 0 1769892510 327036
0 310 476371 0 1769892510 803414
0 311 458221 0 1769892511 261644
0 312 452414 0 1769892511 714067
0 313 475490 0 1769892512 189565
0 314 444954 0 1769892512 634526
0 315 448793 0 1769892513 83328
0 316 446073 0 1769892513 529409
0 317 489944 0 1769892514 19362
0 318 461721 0 1769892514 481095
0 319 462663 0 1769892514 943768
0 320 452973 0 1769892515 396749
0 321 461104 0 1769892515 857861
0 322 448336 0 1769892516 306204
0 323 460221 0 1769892516 766434
0 324 465364 0 1769892517 231806
0 325 459805 0 1769892517 691618
0 326 467465 0 1769892518 159093
0 327 453355 0 1769892518 612456
0 328 455027 0 1769892519 67495
0 329 462477 0 1769892519 529983
0 330 466650 0 1769892519 996641
0 331 457126 0 1769892520 453776
0 332 441721 0 1769892520 895506
0 333 457237 0 1769892521 352751
0 334 464586 0 1769892521 817345
0 335 461213 0 1769892522 278566
0 336 439566 0 1769892522 718141
0 337 456659 0 1769892523 174808
0 338 430874 0 1769892523 605696
0 339 489218 0 1769892524 94922
0 340 458852 0 1769892524 553781
0 341 464871 0 1769892525 18660
0 342 455760 0 1769892525 474429
0 343 464491 0 1769892525 938928
0 344 451121 0 1769892526 390060
0 345 437483 0 1769892526 827552
0 346 446366 0 1769892527 273927
0 347 474589 0 1769892527 748524
0 348 463676 0 1769892528 212208
0 349 440366 0 1769892528 652583
0 350 453830 0 1769892529 106420
0 351 467371 0 1769892529 573800
0 352 458764 0 1769892530 32572
0 353 462237 0 1769892530 494818
0 354 455408 0 1769892530 950234
0 355 461571 0 1769892531 411813
0 356 457213 0 1769892531 869035
0 357 438213 0 1769892532 307255
0 358 429491 0 1769892532 736755
0 359 438506 0 1769892533 175269
0 360 442105 0 1769892533 617382
0 361 490829 0 1769892534 108219
0 362 467266 0 1769892534 575493
0 363 467268 0 1769892535 42769
0 364 459885 0 1769892535 502662
0 365 477198 0 1769892535 979868
0 366 440314 0 1769892536 420190
0 367 470124 0 1769892536 890323
0 368 456394 0 1769892537 346727
0 369 465053 0 1769892537 811788
0 370 456075 0 1769892538 267871
0 371 463738 0 1769892538 731617
0 372 458462 0 1769892539 190087
0 373 461530 0 1769892539 651625
0 374 462499 0 1769892540 114132
0 375 459294 0 1769892540 573434
0 376 459576 0 1769892541 33018
0 377 463117 0 1769892541 496143
0 378 457735 0 1769892541 953886
0 379 446380 0 1769892542 400320
0 380 464627 0 1769892542 864956
0 381 466628 0 1769892543 331593
0 382 458496 0 1769892543 790098
0 383 452291 0 1769892544 242397
0 384 449672 0 1769892544 692085
0 385 464193 0 1769892545 156286
0 386 437911 0 1769892545 594205
0 387 456050 0 1769892546 50263
0 388 466127 0 1769892546 516399
0 389 461386 0 1769892546 977793
0 390 456149 0 1769892547 433950
0 391 478222 0 1769892547 912180
0 392 458189 0 1769892548 370376
0 393 467463 0 1769892548 837848
0 394 458775 0 1769892549 296631
0 395 470662 0 1769892549 767301
0 396 457117 0 1769892550 224426
0 397 465595 0 1769892550 690030
0 398 452848 0 1769892551 142886
0 399 453987 0 1769892551 596881
0 400 451980 0 1769892552 48869
0 401 453021 0 1769892552 501899
0 402 444516 0 1769892552 946423
0 403 435406 0 1769892553 381841
0 404 468547 0 1769892553 850396
0 405 454361 0 1769892554 304765
0 406 437781 0 1769892554 742554
0 407 438851 0 1769892555 181413
0 408 427165 0 1769892555 608592
0 409 453060 0 1769892556 61660
0 410 457195 0 1769892556 518863
0 411 456173 0 1769892556 975044
0 412 456076 0 1769892557 431127
0 413 465806 0 1769892557 896941
0 414 452919 0 1769892558 349869
0 415 463154 0 1769892558 813030
0 416 450078 0 1769892559 263117
0 417 462980 0 1769892559 726105
0 418 477870 0 1769892560 203983
0 419 458620 0 1769892560 662611
0 420 466310 0 1769892561 128929
0 421 459797 0 1769892561 588734
0 422 455881 0 1769892562 44623
0 423 459773 0 1769892562 504404
0 424 453931 0 1769892562 958343
0 425 447002 0 1769892563 405352
0 426 436399 0 1769892563 841759
0 427 472728 0 1769892564 314495
0 428 465406 0 1769892564 779909
0 429 458934 0 1769892565 238852
0 430 454470 0 1769892565 693330
0 431 444453 0 1769892566 137791
0 432 444054 0 1769892566 581858
0 433 474913 0 1769892567 56779
0 434 460064 0 1769892567 516851
0 435 470335 0 1769892567 987195
0 436 450534 0 1769892568 437737
0 437 464991 0 1769892568 902735
0 438 448368 0 1769892569 351112
0 439 458618 0 1769892569 809745
0 440 459358 0 1769892570 269111
0 441 466602 0 1769892570 735722
0 442 464656 0 1769892571 200403
0 443 464300 0 1769892571 664711
0 444 460887 0 1769892572 125606
0 445 458076 0 1769892572 583690
0 446 447483 0 1769892573 31182
0 447 469666 0 1769892573 500857
0 448 458117 0 1769892573 958982
0 449 463488 0 1769892574 422479
0 450 456481 0 1769892574 878974
0 451 461370 0 1769892575 340352
0 452 463040 0 1769892575 803400
0 453 456704 0 1769892576 260113
0 454 443823 0 1769892576 703943
0 455 466620 0 1769892577 170572
0 456 434477 0 1769892577 605057
0 457 454389 0 1769892578 59455
0 458 456695 0 1769892578 516161
0 459 445966 0 1769892578 962135
0 460 450894 0 1769892579 413037
0 461 469824 0 1769892579 882875
0 462 454414 0 1769892580 337298
0 463 455034 0 1769892580 792341
0 464 455094 0 1769892581 247443
0 465 469049 0 1769892581 716500
0 466 459247 0 1769892582 175755
0 467 455274 0 1769892582 631037
0 468 458426 0 1769892583 89472
0 469 477380 0 1769892583 566862
0 470 458270 0 1769892584 25140
0 471 448779 0 1769892584 473928
0 472 461498 0 1769892584 935440
0 473 447390 0 1769892585 382838
0 474 457972 0 1769892585 840819
0 475 461063 0 1769892586 301891
0 476 433097 0 1769892586 734997
0 477 433648 0 1769892587 168654
0 478 449054 0 1769892587 617717
0 479 441879 0 1769892588 59604
0 480 465314 0 1769892588 524926
0 481 450514 0 1769892588 975449
0 482 467146 0 1769892589 442603
0 483 456288 0 1769892589 898905
0 484 462931 0 1769892590 361843
0 485 442732 0 1769892590 804586
0 486 435635 0 1769892591 240229
0 487 455884 0 1769892591 696120
0 488 466631 0 1769892592 162760
0 489 454331 0 1769892592 617099
0 490 455855 0 1769892593 72963
0 491 465025 0 1769892593 537996
0 492 462082 0 1769892594 86
0 493 736531 0 1769892594 736631
0 494 561031 0 1769892595 297670
0 495 538778 0 1769892595 836456
0 496 523578 0 1769892596 360044
0 497 548448 0 1769892596 908500
0 498 529168 0 1769892597 437676
0 499 511290 0 1769892597 948974
0 500 543065 0 1769892598 492046
0 501 528501 0 1769892599 20556
0 502 491247 0 1769892599 511813
0 503 530124 0 1769892600 42008
0 504 521186 0 1769892600 563203
0 505 527681 0 1769892601 90893
0 506 503537 0 1769892601 594438
0 507 527816 0 1769892602 122262
0 508 544519 0 1769892602 666794
0 509 509708 0 1769892603 176509
0 510 514286 0 1769892603 690804
0 511 534083 0 1769892604 224903
0 512 499572 0 1769892604 724484
0 513 521426 0 1769892605 245918
0 514 509821 0 1769892605 755747
0 515 497593 0 1769892606 253349
0 516 523624 0 1769892606 776981
0 517 507113 0 1769892607 284102
0 518 515727 0 1769892607 799837
0 519 537878 0 1769892608 337724
0 520 531381 0 1769892608 869112
0 521 523580 0 1769892609 392701
0 522 520016 0 1769892609 912730
0 523 495138 0 1769892610 407884
0 524 503306 0 1769892610 911198
0 525 539535 0 1769892611 450741
0 526 500101 0 1769892611 950850
0 527 484906 0 1769892612 435764
0 528 516952 0 1769892612 952724
0 529 517922 0 1769892613 470654
0 530 506374 0 1769892613 977036
0 531 520345 0 1769892614 497390
0 532 520206 0 1769892615 17604
0 533 517264 0 1769892615 534876
0 534 526178 0 1769892616 61063
0 535 501771 0 1769892616 562842
0 536 504018 0 1769892617 66868
0 537 512104 0 1769892617 578980
0 538 527228 0 1769892618 106217
0 539 508386 0 1769892618 614611
0 540 506135 0 1769892619 120755
0 541 535134 0 1769892619 655898
0 542 508608 0 1769892620 164514
0 543 505824 0 1769892620 670347
0 544 486996 0 1769892621 157351
0 545 522505 0 1769892621 679865
0 546 527409 0 1769892622 207282
0 547 521314 0 1769892622 728604
0 548 515723 0 1769892623 244335
0 549 525923 0 1769892623 770266
0 550 524923 0 1769892624 295196
0 551 494838 0 1769892624 790042
0 552 522121 0 1769892625 312171
0 553 501578 0 1769892625 813757
0 554 527217 0 1769892626 340982
0 555 516380 0 1769892626 857369
0 556 503382 0 1769892627 360759
0 557 526518 0 1769892627 887286
0 558 502219 0 1769892628 389513
0 559 520594 0 1769892628 910114
0 560 496024 0 1769892629 406147
0 561 513812 0 1769892629 919967
0 562 527110 0 1769892630 447090
0 563 489244 0 1769892630 936343
0 564 520526 0 1769892631 456878
0 565 525780 0 1769892631 982666
0 566 505881 0 1769892632 488556
0 567 513307 0 1769892633 1874
0 568 489486 0 1769892633 491367
0 569 529043 0 1769892634 20419
0 570 530166 0 1769892634 550593
0 571 516570 0 1769892635 67172
0 572 493924 0 1769892635 561104
0 573 525912 0 1769892636 87025
0 574 513241 0 1769892636 600274
0 575 511266 0 1769892637 111549
0 576 505598 0 1769892637 617155
0 577 524635 0 1769892638 141799
0 578 518852 0 1769892638 660663
0 579 503769 0 1769892639 164440
0 580 512639 0 1769892639 677090
0 581 520450 0 1769892640 197549
0 582 510596 0 1769892640 708153
0 583 514054 0 1769892641 222214
0 584 511999 0 1769892641 734222
0 585 519833 0 1769892642 254063
0 586 514878 0 1769892642 768956
0 587 510976 0 1769892643 279939
0 588 540311 0 1769892643 820259
0 589 537281 0 1769892644 357548
0 590 522897 0 1769892644 880454
0 591 497123 0 1769892645 377586
0 592 500462 0 1769892645 878056
0 593 516411 0 1769892646 394476
0 594 493479 0 1769892646 887963
0 595 513210 0 1769892647 401181
0 596 523031 0 1769892647 924220
0 597 496981 0 1769892648 421209
0 598 512000 0 1769892648 933217
0 599 539380 0 1769892649 472605
0 600 489114 0 1769892649 961727
0 601 533036 0 1769892650 494772
0 602 517903 0 1769892651 12690
0 603 487069 0 1769892651 499768
0 604 522666 0 1769892652 22442
0 605 503001 0 1769892652 525451
0 606 516257 0 1769892653 41722
0 607 505760 0 1769892653 547489
0 608 518380 0 1769892654 65878
0 609 531122 0 1769892654 597008
0 610 500840 0 1769892655 97861
0 611 503649 0 1769892655 601518
0 612 530731 0 1769892656 132257
0 613 485331 0 1769892656 617596
0 614 517335 0 1769892657 134940
0 615 481792 0 1769892657 616740
0 616 528870 0 1769892658 145618
0 617 519967 0 1769892658 665592
0 618 506164 0 1769892659 171765
0 619 510795 0 1769892659 682568
0 620 522129 0 1769892660 204705
0 621 496073 0 1769892660 700786
0 622 513969 0 1769892661 214764
0 623 525184 0 1769892661 739956
0 624 519364 0 1769892662 259328
0 625 533275 0 1769892662 792611
0 626 512056 0 1769892663 304675
0 627 550314 0 1769892663 854998
0 628 518322 0 1769892664 373388
0 629 526531 0 1769892664 899926
0 630 501087 0 1769892665 401021
0 631 531667 0 1769892665 932696
0 632 513564 0 1769892666 446268
0 633 508295 0 1769892666 954572
0 634 508131 0 1769892667 462710
0 635 522205 0 1769892667 984923
0 636 511498 0 1769892668 496429
0 637 520212 0 1769892669 16649
0 638 510235 0 1769892669 526893
0 639 529507 0 1769892670 56409
0 640 521291 0 1769892670 577709
0 641 516211 0 1769892671 93929
0 642 498458 0 1769892671 592396
0 643 533273 0 1769892672 125677
0 644 503668 0 1769892672 629353
0 645 523332 0 1769892673 152693
0 646 512772 0 1769892673 665481
0 647 499686 0 1769892674 165175
0 648 526574 0 1769892674 691757
0 649 525215 0 1769892675 216980
0 650 491984 0 1769892675 708973
0 651 534275 0 1769892676 243257
0 652 525263 0 1769892676 768528
0 653 494370 0 1769892677 262906
0 654 517581 0 1769892677 780495
0 655 522608 0 1769892678 303111
0 656 508157 0 1769892678 811277
0 657 481905 0 1769892679 293190
0 658 511184 0 1769892679 804382
0 659 486424 0 1769892680 290813
0 660 515484 0 1769892680 806306
0 661 511905 0 1769892681 318219
0 662 508433 0 1769892681 826660
0 663 502898 0 1769892682 329567
0 664 486797 0 1769892682 816373
0 665 527837 0 1769892683 344218
0 666 506056 0 1769892683 850282
0 667 525239 0 1769892684 375531
0 668 512731 0 1769892684 888270
0 669 510381 0 1769892685 398659
0 670 502026 0 1769892685 900694
0 671 507927 0 1769892686 408630
0 672 494774 0 1769892686 903412
0 673 478857 0 1769892687 382277
0 674 529293 0 1769892687 911577
0 675 506462 0 1769892688 418047
0 676 515882 0 1769892688 933938
0 677 517951 0 1769892689 451900
0 678 519949 0 1769892689 971859
0 679 509014 0 1769892690 480881
0 680 525191 0 1769892691 6086
0 681 500254 0 1769892691 506348
0 682 529138 0 1769892692 35494
0 683 500001 0 1769892692 535503
0 684 510866 0 1769892693 46377
0 685 488265 0 1769892693 534650
0 686 513990 0 1769892694 48647
0 687 535673 0 1769892694 584329
0 688 505978 0 1769892695 90315
0 689 516417 0 1769892695 606739
0 690 516015 0 1769892696 122763
0 691 515868 0 1769892696 638645
0 692 521234 0 1769892697 159888
0 693 514322 0 1769892697 674218
0 694 507378 0 1769892698 181604
0 695 516491 0 1769892698 698103
0 696 506544 0 1769892699 204656
0 697 512611 0 1769892699 717275
0 698 514109 0 1769892700 231392
0 699 514514 0 1769892700 745915
0 700 521323 0 1769892701 267246
0 701 486992 0 1769892701 754246
0 702 460530 0 1769892702 214784
0 703 468760 0 1769892702 683552
0 704 443834 0 1769892703 127393
0 705 428764 0 1769892703 556166
0 706 431092 0 1769892703 987266
0 707 452123 0 1769892704 439397
0 708 472612 0 1769892704 912021
0 709 458598 0 1769892705 370628
0 710 464147 0 1769892705 834784
0 711 458136 0 1769892706 292934
0 712 458850 0 1769892706 751792
0 713 443477 0 1769892707 195279
0 714 433124 0 1769892707 628411
0 715 450840 0 1769892708 79260
0 716 470737 0 1769892708 550005
0 717 465863 0 1769892709 15876
0 718 464742 0 1769892709 480626
0 719 457039 0 1769892709 937675
0 720 437087 0 1769892710 374771
0 721 470881 0 1769892710 845660
0 722 465805 0 1769892711 311478
0 723 439689 0 1769892711 751176
0 724 459711 0 1769892712 210895
0 725 462149 0 1769892712 673053
0 726 471133 0 1769892713 144196
0 727 455633 0 1769892713 599837
0 728 442444 0 1769892714 42291
0 729 468619 0 1769892714 510919
0 730 473634 0 1769892714 984563
0 731 453381 0 1769892715 437952
0 732 466771 0 1769892715 904732
0 733 460072 0 1769892716 364819
0 734 459387 0 1769892716 824213
0 735 475777 0 1769892717 299999
0 736 454789 0 1769892717 754802
0 737 464004 0 1769892718 218815
0 738 460668 0 1769892718 679491
0 739 464270 0 1769892719 143777
0 740 457034 0 1769892719 600820
0 741 454806 0 1769892720 55636
0 742 444241 0 1769892720 499886
0 743 473137 0 1769892720 973034
0 744 459406 0 1769892721 432451
0 745 456938 0 1769892721 889401
0 746 444774 0 1769892722 334182
0 747 448227 0 1769892722 782420
0 748 482933 0 1769892723 265361
0 749 460569 0 1769892723 725938
0 750 465685 0 1769892724 191637
0 751 434008 0 1769892724 625653
0 752 452592 0 1769892725 78326
0 753 467551 0 1769892725 545886
0 754 467567 0 1769892726 13465
0 755 472521 0 1769892726 486001
0 756 466164 0 1769892726 952177
0 757 449220 0 1769892727 401405
0 758 454888 0 1769892727 856305
0 759 451137 0 1769892728 307450
0 760 474057 0 1769892728 781520
0 761 461617 0 1769892729 243146
0 762 440835 0 1769892729 683989
0 763 455894 0 1769892730 139891
0 764 462514 0 1769892730 602413
0 765 438506 0 1769892731 40927
0 766 449845 0 1769892731 490780
0 767 468718 0 1769892731 959506
0 768 471391 0 1769892732 430905
0 769 437655 0 1769892732 868568
0 770 468057 0 1769892733 336633
0 771 464466 0 1769892733 801107
0 772 479835 0 1769892734 280950
0 773 442204 0 1769892734 723163
0 774 433043 0 1769892735 156214
0 775 449677 0 1769892735 605900
0 776 479723 0 1769892736 85631
0 777 437792 0 1769892736 523431
0 778 460744 0 1769892736 984183
0 779 470589 0 1769892737 454780
0 780 462982 0 1769892737 917769
0 781 474657 0 1769892738 392435
0 782 458941 0 1769892738 851384
0 783 460875 0 1769892739 312268
0 784 465698 0 1769892739 777973
0 785 446675 0 1769892740 224657
0 786 473184 0 1769892740 697849
0 787 476562 0 1769892741 174424
0 788 452706 0 1769892741 627139
0 789 459348 0 1769892742 86494
0 790 460647 0 1769892742 547150
0 791 454515 0 1769892743 1675
0 792 456460 0 1769892743 458143
0 793 440732 0 1769892743 898883
0 794 442995 0 1769892744 341886
0 795 457684 0 1769892744 799578
0 796 470810 0 1769892745 270396
0 797 455364 0 1769892745 725767
0 798 462180 0 1769892746 187956
0 799 452742 0 1769892746 640707
0 800 456639 0 1769892747 97354
0 801 451697 0 1769892747 549059
0 802 444555 0 1769892747 993621
0 803 431167 0 1769892748 424797
0 804 450090 0 1769892748 874895
0 805 468861 0 1769892749 343764
0 806 457284 0 1769892749 801056
0 807 454549 0 1769892750 255613
0 808 450955 0 1769892750 706576
0 809 467374 0 1769892751 173958
0 810 466832 0 1769892751 640804
0 811 457257 0 1769892752 98071
0 812 439484 0 1769892752 537563
0 813 451394 0 1769892752 988966
0 814 466858 0 1769892753 455832
0 815 449745 0 1769892753 905592
0 816 477506 0 1769892754 383106
0 817 449973 0 1769892754 833088
0 818 463073 0 1769892755 296169
0 819 457264 0 1769892755 753441
0 820 459352 0 1769892756 212801
0 821 445042 0 1769892756 657850
0 822 476252 0 1769892757 134111
0 823 452891 0 1769892757 587010
0 824 474585 0 1769892758 61603
0 825 452491 0 1769892758 514101
0 826 458350 0 1769892758 972466
0 827 452015 0 1769892759 424489
0 828 455077 0 1769892759 879574
0 829 447069 0 1769892760 326651
0 830 466794 0 1769892760 793454
0 831 463670 0 1769892761 257133
0 832 440417 0 1769892761 697559
0 833 460333 0 1769892762 157900
0 834 465265 0 1769892762 623174
0 835 463376 0 1769892763 86558
0 836 458178 0 1769892763 544745
0 837 458934 0 1769892764 3686
0 838 456015 0 1769892764 459709
0 839 452065 0 1769892764 911782
0 840 466914 0 1769892765 378705
0 841 462828 0 1769892765 841541
0 842 464128 0 1769892766 305677
0 843 451448 0 1769892766 757133
0 844 463871 0 1769892767 221012
0 845 447641 0 1769892767 668670
0 846 470776 0 1769892768 139454
0 847 449615 0 1769892768 589076
0 848 466376 0 1769892769 55460
0 849 453297 0 1769892769 508767
0 850 465272 0 1769892769 974048
0 851 452063 0 1769892770 426119
0 852 456741 0 1769892770 882869
0 853 451023 0 1769892771 333901
0 854 473339 0 1769892771 807249
0 855 461304 0 1769892772 268568
0 856 459984 0 1769892772 728561
0 857 459626 0 1769892773 188195
0 858 457667 0 1769892773 645869
0 859 473785 0 1769892774 119663
0 860 465830 0 1769892774 585499
0 861 437140 0 1769892775 22648
0 862 457443 0 1769892775 480099
0 863 429234 0 1769892775 909341
0 864 472309 0 1769892776 381658
0 865 450722 0 1769892776 832395
0 866 468868 0 1769892777 301272
0 867 449663 0 1769892777 750944
0 868 467334 0 1769892778 218286
0 869 450466 0 1769892778 668760
0 870 472875 0 1769892779 141644
0 871 452739 0 1769892779 594390
0 872 466099 0 1769892780 60498
0 873 451920 0 1769892780 512426
0 874 461476 0 1769892780 973910
0 875 437887 0 1769892781 411806
0 876 451992 0 1769892781 863806
0 877 437700 0 1769892782 301585
0 878 468794 0 1769892782 770388
0 879 473083 0 1769892783 243479
0 880 458519 0 1769892783 702007
0 881 458630 0 1769892784 160645
0 882 463307 0 1769892784 623961
0 883 460621 0 1769892785 84591
0 884 446501 0 1769892785 531101
0 885 486355 0 1769892786 17464
0 886 455712 0 1769892786 473184
0 887 463035 0 1769892786 936227
0 888 442240 0 1769892787 378475
0 889 447185 0 1769892787 825669
0 890 474547 0 1769892788 300224
0 891 455395 0 1769892788 755627
0 892 472197 0 1769892789 227832
0 893 452118 0 1769892789 679959
0 894 459192 0 1769892790 139160
0 895 452424 0 1769892790 591591
0 896 470348 0 1769892791 61948
0 897 443582 0 1769892791 505539
0 898 463491 0 1769892791 969038
0 899 468728 0 1769892792 437774
0 900 458726 0 1769892792 896508
0 901 463847 0 1769892793 360363
0 902 453764 0 1769892793 814135
0 903 442321 0 1769892794 256464
0 904 459060 0 1769892794 715532
0 905 471328 0 1769892795 186868
0 906 463648 0 1769892795 650524
0 907 444395 0 1769892796 94928
0 908 455048 0 1769892796 549984
0 909 438811 0 1769892796 988804
0 910 441734 0 1769892797 430546
0 911 480207 0 1769892797 910761
0 912 477091 0 1769892798 387861
0 913 459477 0 1769892798 847346
0 914 467659 0 1769892799 315014
0 915 432523 0 1769892799 747545
0 916 460400 0 1769892800 207953
0 917 462095 0 1769892800 670056
0 918 481248 0 1769892801 151312
0 919 452609 0 1769892801 603936
0 920 441553 0 1769892802 45498
0 921 446288 0 1769892802 491795
0 922 462530 0 1769892802 954334
0 923 460617 0 1769892803 414959
0 924 459368 0 1769892803 874336
0 925 459280 0 1769892804 333624
0 926 451414 0 1769892804 785053
0 927 450892 0 1769892805 235957
0 928 434598 0 1769892805 670564
0 929 453879 0 1769892806 124451
0 930 469776 0 1769892806 594240
0 931 459918 0 1769892807 54168
0 932 460616 0 1769892807 514792
0 933 452710 0 1769892807 967510
0 934 467257 0 1769892808 434775
0 935 453746 0 1769892808 888529
0 936 463148 0 1769892809 351685
0 937 451034 0 1769892809 802727
0 938 473622 0 1769892810 276362
0 939 448523 0 1769892810 724895
0 940 473189 0 1769892811 198093
0 941 461851 0 1769892811 659952
0 942 458098 0 1769892812 118058
0 943 454340 0 1769892812 572407
0 944 456728 0 1769892813 29143
0 945 438030 0 1769892813 467182
0 946 462894 0 1769892813 930083
0 947 450136 0 1769892814 380229
0 948 456003 0 1769892814 836241
0 949 464927 0 1769892815 301182
0 950 436097 0 1769892815 737288
0 951 454395 0 1769892816 191691
0 952 467846 0 1769892816 659545
0 953 455727 0 1769892817 115285
0 954 451169 0 1769892817 566463
0 955 462654 0 1769892818 29126
0 956 453080 0 1769892818 482214
0 957 449871 0 1769892818 932094
0 958 457760 0 1769892819 389864
0 959 443111 0 1769892819 832983
0 960 465433 0 1769892820 298424
0 961 470230 0 1769892820 768662
0 962 468629 0 1769892821 237299
0 963 461761 0 1769892821 699068
0 964 462751 0 1769892822 161827
0 965 448572 0 1769892822 610407
0 966 451649 0 1769892823 62064
0 967 459615 0 1769892823 521687
0 968 454821 0 1769892823 976516
0 969 461675 0 1769892824 438199
0 970 435688 0 1769892824 873895
0 971 453135 0 1769892825 327038
0 972 458375 0 1769892825 785421
0 973 463403 0 1769892826 248832
0 974 441777 0 1769892826 690617
0 975 453260 0 1769892827 143885
0 976 430598 0 1769892827 574491
0 977 466672 0 1769892828 41171
0 978 461095 0 1769892828 502274
0 979 435612 0 1769892828 937896
0 980 457170 0 1769892829 395074
0 981 459345 0 1769892829 854427
0 982 458978 0 1769892830 313416
0 983 451054 0 1769892830 764479
0 984 470514 0 1769892831 235007
0 985 447558 0 1769892831 682572
0 986 464181 0 1769892832 146762
0 987 451719 0 1769892832 598495
0 988 439226 0 1769892833 37729
0 989 457465 0 1769892833 495203
0 990 469102 0 1769892833 964312
0 991 461631 0 1769892834 425952
0 992 461722 0 1769892834 887682
0 993 439568 0 1769892835 327258
0 994 428603 0 1769892835 755875
0 995 454974 0 1769892836 210857
0 996 461072 0 1769892836 671943
0 997 442229 0 1769892837 114180
0 998 453485 0 1769892837 567673
0 999 470599 0 1769892838 38280
0 1000 458513 0 1769892838 496801
